6.0 748.0 13.0 2.0 93836.0 3480.0 117435.0 12.0 37.0 6528.0 146.0 8.0 20.0 0.0 0.0
17.0 693.0 136.0 0.0 89485.0 10904.0 21168.0 680.0 92.0 1234.0 0.0 0.0 0.0 0.0 0.0
12.0 550.0 65.0 1.0 107921.0 5694.0 13865.0 210.0 119.0 754.0 116.0 10.0 1.0 0.0 0.0
18.0 5398.0 140.0 13.0 540345.0 75676.0 2749820.0 638.0 1429.0 34668.0 11528.0 154.0 852.0 18.0 6.0
4.0 472.0 6.0 0.0 89953.0 1378.0 51341.0 4.0 19.0 3842.0 0.0 0.0 0.0 0.0 0.0
42.0 12432.0 802.0 59.0 1128059.0 409238.0 6469417.0 9423.0 7067.0 148949.0 72766.0 1801.0 6787.0 209.0 47.0
95.0 14877.0 4146.0 319.0 1909280.0 1120677.0 5735398.0 112418.0 18016.0 138487.0 225131.0 22693.0 8299.0 2938.0 366.0
227.0 45196.0 23023.0 2628.0 4791155.0 7504138.0 10143740.0 1444725.0 481291.0 435597.0 1473308.0 379170.0 137134.0 87660.0 12270.0
134.0 17370.0 8272.0 639.0 2119513.0 1895158.0 6352320.0 318335.0 26744.0 136373.0 337704.0 64362.0 11930.0 8175.0 1212.0
22.0 6285.0 207.0 24.0 407023.0 107845.0 5219643.0 1126.0 695.0 43753.0 21360.0 351.0 695.0 60.0 3.0
19.0 3222.0 164.0 7.0 362119.0 53943.0 672862.0 854.0 897.0 24480.0 1545.0 111.0 357.0 4.0 0.0
12.0 6179.0 54.0 12.0 635605.0 45925.0 3132218.0 124.0 2162.0 78512.0 15112.0 74.0 1304.0 20.0 2.0
149.0 25968.0 10404.0 622.0 2778479.0 3221901.0 8758059.0 457738.0 53498.0 256737.0 467565.0 74365.0 23401.0 7444.0 727.0
13.0 2887.0 68.0 10.0 255690.0 28045.0 1531179.0 192.0 340.0 19486.0 5875.0 79.0 22.0 14.0 1.0
36.0 7231.0 564.0 66.0 733800.0 201996.0 3691720.0 5258.0 2497.0 45807.0 43821.0 1578.0 1137.0 246.0 58.0
299.0 58307.0 38410.0 6141.0 5157726.0 12494901.0 16123280.0 2994614.0 498824.0 443262.0 3483679.0 1051116.0 199629.0 321696.0 43123.0
9.0 3760.0 32.0 4.0 271950.0 24597.0 2765293.0 60.0 387.0 31180.0 4065.0 20.0 322.0 4.0 0.0
30.0 5778.0 400.0 35.0 765926.0 132408.0 1742950.0 3226.0 2637.0 57318.0 27730.0 699.0 1075.0 124.0 11.0
4.0 208.0 6.0 0.0 36282.0 618.0 8229.0 4.0 3.0 1362.0 0.0 0.0 0.0 0.0 0.0
107.0 11119.0 5467.0 204.0 1354537.0 1048676.0 3371998.0 179165.0 10666.0 67878.0 104794.0 17453.0 1906.0 1634.0 233.0
13.0 4281.0 71.0 7.0 408349.0 36322.0 2141528.0 218.0 2291.0 38128.0 9394.0 59.0 537.0 9.0 0.0
4.0 686.0 6.0 0.0 80996.0 1928.0 79149.0 4.0 65.0 2867.0 0.0 0.0 0.0 0.0 0.0
47.0 7093.0 988.0 93.0 744576.0 264362.0 2942057.0 12583.0 2901.0 51159.0 52588.0 3147.0 1763.0 417.0 68.0
3.0 3164.0 2.0 1.0 209535.0 5074.0 3021726.0 0.0 239.0 32332.0 732.0 1.0 22.0 0.0 0.0
8.0 4033.0 26.0 2.0 272857.0 26972.0 3022307.0 45.0 508.0 34911.0 193.0 10.0 25.0 1.0 0.0
35.0 3251.0 583.0 12.0 581765.0 101788.0 325612.0 6166.0 1593.0 36624.0 4752.0 363.0 404.0 15.0 1.0
244.0 28137.0 28552.0 1094.0 4875715.0 5961107.0 3774336.0 2147336.0 156322.0 230703.0 505460.0 224873.0 29040.0 17830.0 1405.0
23.0 9683.0 207.0 46.0 727104.0 147272.0 6695403.0 1009.0 3289.0 74429.0 54632.0 590.0 2272.0 140.0 32.0
12.0 1773.0 55.0 11.0 248485.0 16117.0 362728.0 125.0 223.0 12114.0 2742.0 83.0 99.0 9.0 3.0
1.0 152.0 0.0 0.0 31311.0 0.0 10331.0 0.0 0.0 1145.0 0.0 0.0 0.0 0.0 0.0
2.0 282.0 0.0 1.0 31441.0 0.0 32319.0 0.0 0.0 1345.0 272.0 0.0 5.0 0.0 0.0
75.0 21978.0 2302.0 473.0 2094532.0 1154925.0 9716482.0 40536.0 38396.0 221887.0 363003.0 20531.0 15826.0 5376.0 1082.0
22.0 5755.0 194.0 37.0 629374.0 85454.0 1913693.0 933.0 4197.0 54266.0 23601.0 485.0 1703.0 111.0 11.0
32.0 7160.0 446.0 50.0 860429.0 164899.0 2943234.0 3702.0 3894.0 99084.0 44217.0 1045.0 2528.0 184.0 29.0
12.0 6227.0 58.0 8.0 490852.0 51174.0 4106317.0 152.0 1848.0 80136.0 10985.0 56.0 1321.0 12.0 0.0
23.0 7307.0 236.0 17.0 538739.0 132760.0 4031135.0 1443.0 2292.0 47416.0 21880.0 299.0 765.0 29.0 0.0
27.0 5975.0 299.0 52.0 654345.0 123717.0 2587283.0 1815.0 1916.0 45779.0 25929.0 977.0 936.0 76.0 57.0
28.0 4196.0 354.0 24.0 454975.0 97551.0 1225338.0 2705.0 1197.0 37740.0 12179.0 529.0 584.0 31.0 11.0
42.0 4515.0 812.0 49.0 584976.0 159890.0 962243.0 9754.0 1579.0 30274.0 20971.0 1511.0 548.0 196.0 19.0
11.0 3427.0 35.0 20.0 459341.0 18989.0 618714.0 45.0 590.0 30335.0 8891.0 86.0 2605.0 8.0 26.0
23.0 1849.0 252.0 1.0 138600.0 38932.0 162994.0 1750.0 742.0 2586.0 178.0 21.0 42.0 0.0 0.0
164.0 15222.0 12686.0 680.0 2448638.0 2213275.0 1859691.0 624819.0 39336.0 82268.0 174343.0 84994.0 7448.0 10687.0 1264.0
91.0 11978.0 3942.0 153.0 1570338.0 944800.0 3028440.0 109102.0 12953.0 89946.0 98650.0 11244.0 4332.0 1044.0 95.0
71.0 12530.0 2266.0 219.0 1309568.0 715873.0 5447345.0 43855.0 10952.0 105190.0 131451.0 11647.0 3936.0 1495.0 158.0
30.0 9642.0 373.0 62.0 883279.0 211235.0 4497841.0 2586.0 5707.0 98361.0 49657.0 1255.0 3656.0 176.0 43.0
16.0 5332.0 109.0 11.0 540584.0 64120.0 2241033.0 423.0 1260.0 46080.0 12110.0 120.0 615.0 17.0 0.0
23.0 5712.0 202.0 51.0 599816.0 97018.0 2487801.0 965.0 1509.0 36070.0 23522.0 598.0 1053.0 151.0 57.0
32.0 10730.0 463.0 33.0 882777.0 273493.0 5988619.0 4073.0 7048.0 122129.0 40187.0 793.0 2427.0 85.0 9.0
75.0 14070.0 2514.0 261.0 1489375.0 831242.0 5015679.0 51713.0 13710.0 113322.0 167726.0 12874.0 7396.0 2635.0 303.0
29.0 1516.0 403.0 3.0 263456.0 41264.0 81420.0 3574.0 404.0 4074.0 352.0 79.0 12.0 1.0 0.0
80.0 10533.0 2949.0 211.0 1553590.0 554479.0 1845225.0 69052.0 79873.0 119376.0 103226.0 9939.0 7328.0 2988.0 181.0
21.0 2889.0 194.0 16.0 219239.0 48944.0 317408.0 1064.0 1735.0 7626.0 4320.0 233.0 523.0 28.0 5.0
23.0 2499.0 226.0 27.0 298473.0 50947.0 565104.0 1286.0 371.0 18211.0 3005.0 429.0 142.0 30.0 26.0
7.0 568.0 12.0 9.0 86351.0 2033.0 24637.0 8.0 109.0 1807.0 1065.0 13.0 46.0 10.0 4.0
9.0 3723.0 29.0 7.0 310803.0 24365.0 1801692.0 44.0 702.0 23977.0 3539.0 32.0 238.0 7.0 1.0
15.0 905.0 64.0 41.0 165042.0 8110.0 54171.0 129.0 92.0 5007.0 4040.0 163.0 168.0 119.0 44.0
3.0 430.0 2.0 1.0 86231.0 524.0 24873.0 0.0 20.0 7558.0 272.0 1.0 12.0 0.0 0.0
4.0 3454.0 5.0 1.0 225461.0 8644.0 3260366.0 2.0 345.0 43322.0 996.0 2.0 16.0 0.0 0.0
6.0 1628.0 12.0 3.0 219378.0 5682.0 410764.0 10.0 249.0 24272.0 1782.0 8.0 89.0 2.0 0.0
26.0 4038.0 310.0 15.0 433070.0 92432.0 641630.0 2264.0 1040.0 19609.0 5562.0 316.0 438.0 16.0 4.0
56.0 14628.0 1420.0 120.0 1572034.0 659627.0 5216084.0 21975.0 18290.0 138683.0 95679.0 5087.0 6327.0 581.0 77.0
56.0 8085.0 1429.0 111.0 1037635.0 376953.0 2883294.0 22442.0 5451.0 52178.0 53562.0 4647.0 1629.0 546.0 85.0
6.0 1979.0 13.0 2.0 248020.0 7255.0 439107.0 13.0 300.0 26374.0 1748.0 6.0 146.0 1.0 0.0
22.0 8549.0 162.0 69.0 757541.0 112143.0 4442458.0 560.0 3277.0 59130.0 54122.0 657.0 3355.0 246.0 77.0
30.0 7033.0 335.0 100.0 1171395.0 128639.0 1127622.0 1987.0 5760.0 101968.0 52770.0 1471.0 5514.0 477.0 125.0
1.0 142.0 0.0 0.0 16849.0 0.0 9780.0 0.0 0.0 231.0 0.0 0.0 0.0 0.0 0.0
3.0 2691.0 2.0 1.0 146632.0 2775.0 2296297.0 0.0 32.0 13124.0 2423.0 1.0 60.0 0.0 0.0
2.0 68.0 0.0 1.0 11213.0 0.0 1395.0 0.0 0.0 168.0 58.0 0.0 5.0 0.0 0.0
2.0 339.0 1.0 0.0 14289.0 313.0 42347.0 0.0 13.0 1220.0 0.0 0.0 0.0 0.0 0.0
40.0 3223.0 741.0 39.0 470725.0 113077.0 262370.0 8523.0 1353.0 14845.0 8988.0 1249.0 463.0 91.0 17.0
14.0 1184.0 86.0 5.0 194393.0 13621.0 98753.0 311.0 190.0 6272.0 1279.0 47.0 56.0 5.0 1.0
147.0 31072.0 9881.0 850.0 3225990.0 3245545.0 8970614.0 424300.0 306435.0 320238.0 572303.0 67140.0 52897.0 25565.0 1660.0
22.0 3725.0 202.0 29.0 349037.0 62781.0 2270184.0 1047.0 1173.0 19341.0 11956.0 414.0 571.0 71.0 8.0
50.0 22139.0 1039.0 186.0 1859081.0 752240.0 12232747.0 12623.0 35388.0 215964.0 231607.0 5273.0 15094.0 1457.0 247.0
92.0 36445.0 3278.0 908.0 3072200.0 2101549.0 16632470.0 64556.0 97090.0 396010.0 872670.0 43419.0 74048.0 14514.0 3091.0
85.0 8047.0 3417.0 153.0 1508664.0 602921.0 751455.0 87036.0 12797.0 59040.0 42679.0 10847.0 2377.0 809.0 78.0
61.0 10673.0 1656.0 174.0 1291116.0 519304.0 2817049.0 27197.0 8877.0 109655.0 90908.0 7568.0 6207.0 977.0 248.0
31.0 5531.0 421.0 44.0 538104.0 129677.0 2053913.0 3408.0 2407.0 33216.0 29157.0 926.0 1141.0 133.0 28.0
144.0 32812.0 9218.0 1078.0 3827709.0 3677662.0 7411116.0 359341.0 131142.0 348923.0 648866.0 105845.0 51652.0 19243.0 2915.0
39.0 14433.0 595.0 146.0 1366046.0 402894.0 6192193.0 4955.0 16962.0 131207.0 94898.0 3210.0 8369.0 730.0 244.0
5.0 3109.0 9.0 1.0 236149.0 9261.0 2911817.0 7.0 190.0 36363.0 2445.0 3.0 175.0 0.0 0.0
15.0 2559.0 95.0 10.0 343307.0 29890.0 582322.0 339.0 493.0 28102.0 4258.0 106.0 346.0 6.0 4.0
57.0 7654.0 1523.0 73.0 805926.0 356291.0 4478468.0 25617.0 3494.0 76557.0 62909.0 3304.0 1218.0 306.0 33.0
20.0 2955.0 178.0 12.0 435358.0 46859.0 393553.0 952.0 828.0 33387.0 6740.0 162.0 445.0 24.0 2.0
2.0 5.0 1.0 0.0 491.0 5.0 4.0 0.0 0.0 0.0 0.0 0.0 0.0 0.0 0.0
124.0 27705.0 6212.0 1414.0 2974316.0 2250987.0 11587106.0 179050.0 69103.0 308967.0 905576.0 96551.0 56473.0 27612.0 6911.0
178.0 28815.0 14479.0 1274.0 3213042.0 4149023.0 8404968.0 733401.0 67923.0 225433.0 747764.0 160884.0 33811.0 26333.0 3558.0
3.0 2253.0 2.0 1.0 120219.0 2356.0 2198343.0 0.0 21.0 11895.0 2098.0 1.0 5.0 0.0 0.0
13.0 2656.0 73.0 5.0 186433.0 27324.0 1497169.0 235.0 304.0 14159.0 3884.0 47.0 28.0 4.0 0.0
43.0 5964.0 834.0 69.0 685119.0 205383.0 1382427.0 10119.0 1886.0 61216.0 35899.0 1678.0 2717.0 481.0 63.0
32.0 8286.0 456.0 40.0 840847.0 212389.0 4415120.0 3890.0 4702.0 69781.0 33095.0 946.0 989.0 118.0 6.0
2.0 2236.0 1.0 0.0 114785.0 2186.0 2199231.0 0.0 25.0 11936.0 0.0 0.0 0.0 0.0 0.0
162.0 28071.0 12030.0 1011.0 2690636.0 3428613.0 12866769.0 563345.0 165935.0 243246.0 704238.0 104308.0 27355.0 26149.0 1718.0
20.0 5605.0 177.0 13.0 371301.0 92725.0 3112246.0 926.0 1471.0 30963.0 10090.0 194.0 369.0 20.0 0.0
64.0 8903.0 1956.0 60.0 934609.0 489057.0 4115167.0 38193.0 6444.0 68083.0 56368.0 3234.0 1288.0 225.0 12.0
17.0 3055.0 106.0 30.0 347566.0 31813.0 883498.0 350.0 717.0 23329.0 14095.0 240.0 769.0 60.0 30.0
44.0 4751.0 884.0 62.0 723119.0 174032.0 570633.0 10931.0 2681.0 35999.0 22255.0 2058.0 1322.0 219.0 36.0
230.0 36775.0 24124.0 2211.0 4261016.0 6479945.0 9862143.0 1583102.0 294438.0 360710.0 1191472.0 339797.0 80591.0 71372.0 7189.0
25.0 5386.0 280.0 20.0 437160.0 115927.0 1309441.0 1880.0 3322.0 29143.0 4893.0 389.0 900.0 22.0 9.0
22.0 3024.0 186.0 45.0 359941.0 45531.0 416142.0 867.0 964.0 15957.0 14379.0 483.0 833.0 153.0 37.0
17.0 3281.0 124.0 12.0 388899.0 45440.0 629930.0 518.0 1019.0 20306.0 4426.0 147.0 296.0 12.0 3.0
19.0 3668.0 153.0 18.0 482635.0 48880.0 939796.0 712.0 929.0 43340.0 14332.0 209.0 477.0 47.0 1.0
3.0 110.0 3.0 0.0 11585.0 164.0 2229.0 1.0 28.0 23.0 0.0 0.0 0.0 0.0 0.0
7.0 1687.0 20.0 1.0 167828.0 8529.0 628377.0 30.0 55.0 18601.0 1257.0 5.0 113.0 0.0 0.0
8.0 304.0 25.0 3.0 59023.0 1904.0 5648.0 40.0 19.0 548.0 114.0 15.0 36.0 0.0 1.0
20.0 8373.0 165.0 25.0 604209.0 118747.0 6381934.0 750.0 1607.0 63527.0 34136.0 340.0 1495.0 40.0 10.0
21.0 6507.0 176.0 34.0 706585.0 80864.0 3305582.0 831.0 1921.0 107030.0 39462.0 372.0 2986.0 107.0 20.0
108.0 22684.0 5193.0 585.0 2532259.0 1769401.0 7035111.0 156489.0 133119.0 252331.0 331627.0 34326.0 29961.0 12339.0 1002.0
52.0 9661.0 1169.0 157.0 1076298.0 396257.0 4183090.0 15519.0 7787.0 107057.0 73958.0 5434.0 3461.0 1025.0 122.0
11.0 609.0 53.0 2.0 74661.0 5227.0 33928.0 148.0 173.0 1032.0 509.0 16.0 4.0 1.0 0.0
2.0 277.0 1.0 0.0 29666.0 271.0 30593.0 0.0 3.0 1107.0 0.0 0.0 0.0 0.0 0.0
21.0 3369.0 203.0 7.0 358909.0 60907.0 352512.0 1204.0 1847.0 10794.0 2453.0 120.0 163.0 5.0 1.0
58.0 9868.0 1561.0 92.0 961562.0 483509.0 3360231.0 26116.0 7306.0 76240.0 60319.0 4363.0 2018.0 342.0 35.0
120.0 24234.0 6722.0 418.0 2483099.0 2025529.0 8179666.0 243598.0 251990.0 277625.0 290609.0 25642.0 31864.0 11118.0 482.0
16.0 4067.0 105.0 15.0 439984.0 42615.0 1990631.0 391.0 920.0 34472.0 15478.0 132.0 536.0 33.0 4.0
24.0 2103.0 265.0 11.0 352769.0 43483.0 167842.0 1798.0 597.0 10960.0 3244.0 213.0 224.0 10.0 3.0
27.0 4790.0 337.0 14.0 493616.0 108121.0 1315196.0 2605.0 1247.0 36408.0 12981.0 292.0 472.0 26.0 2.0
18.0 2684.0 132.0 21.0 420669.0 32925.0 411980.0 538.0 1214.0 26465.0 9441.0 222.0 417.0 54.0 2.0
7.0 4858.0 16.0 5.0 280367.0 17063.0 4729470.0 15.0 193.0 37600.0 10867.0 15.0 416.0 5.0 0.0
19.0 7644.0 156.0 15.0 678277.0 110117.0 3433170.0 739.0 3256.0 80719.0 19137.0 205.0 913.0 25.0 0.0
8.0 428.0 26.0 2.0 47534.0 2688.0 21085.0 44.0 13.0 928.0 208.0 12.0 37.0 0.0 0.0
118.0 27753.0 6288.0 615.0 2666362.0 2229073.0 10141461.0 217282.0 252904.0 278691.0 446000.0 29003.0 33110.0 19556.0 1075.0
10.0 4399.0 37.0 8.0 382871.0 25942.0 3070849.0 68.0 714.0 44435.0 11585.0 40.0 318.0 12.0 0.0
300.0 59191.0 40842.0 4008.0 5668071.0 14152908.0 16102692.0 3423284.0 345901.0 485580.0 2543199.0 885783.0 155100.0 129498.0 16535.0
28.0 8998.0 346.0 32.0 707605.0 190600.0 5668912.0 2558.0 2625.0 75194.0 42324.0 618.0 2386.0 86.0 14.0
86.0 15419.0 3409.0 246.0 1868270.0 1077785.0 4726717.0 84340.0 19235.0 172203.0 176270.0 15534.0 9045.0 2268.0 198.0
43.0 5311.0 860.0 43.0 646890.0 202233.0 836116.0 10711.0 2339.0 30804.0 14507.0 1509.0 822.0 109.0 12.0
103.0 32880.0 4268.0 985.0 3220975.0 2216914.0 10228435.0 101516.0 118771.0 382875.0 728404.0 55287.0 85450.0 15946.0 4102.0
2.0 3771.0 0.0 1.0 180537.0 0.0 3576586.0 0.0 0.0 21795.0 3357.0 0.0 207.0 0.0 0.0
5.0 2063.0 10.0 0.0 141205.0 8136.0 1588837.0 10.0 58.0 14611.0 0.0 0.0 0.0 0.0 0.0
3.0 2720.0 3.0 0.0 170637.0 5208.0 2859768.0 1.0 116.0 27501.0 0.0 0.0 0.0 0.0 0.0
59.0 7148.0 1613.0 98.0 798071.0 343556.0 3151307.0 27566.0 3034.0 39060.0 62382.0 4351.0 1289.0 541.0 51.0
104.0 15323.0 5018.0 338.0 1982776.0 1312741.0 3853875.0 151554.0 21024.0 149975.0 201850.0 26970.0 10815.0 3234.0 346.0
39.0 3303.0 581.0 160.0 315070.0 110259.0 2223645.0 5062.0 448.0 14215.0 14071.0 2691.0 144.0 929.0 457.0
59.0 12603.0 1472.0 239.0 1962716.0 534180.0 3487258.0 21230.0 23164.0 117678.0 123544.0 9368.0 13461.0 1478.0 433.0
7.0 1175.0 20.0 1.0 111445.0 6847.0 329598.0 30.0 57.0 4380.0 83.0 5.0 3.0 0.0 0.0
6.0 1150.0 14.0 1.0 106868.0 4810.0 325828.0 16.0 45.0 4178.0 842.0 4.0 4.0 0.0 0.0
24.0 4232.0 229.0 47.0 611934.0 78512.0 674862.0 1178.0 1839.0 58772.0 12860.0 684.0 1143.0 136.0 26.0
483.0 63045.0 108994.0 7409.0 7889486.0 24869821.0 12914969.0 15596822.0 655412.0 442072.0 3730137.0 2623070.0 238454.0 389508.0 53881.0
2.0 2313.0 1.0 0.0 115242.0 2271.0 2212813.0 0.0 21.0 11829.0 0.0 0.0 0.0 0.0 0.0
60.0 10148.0 1539.0 231.0 1516105.0 454683.0 1744401.0 23284.0 13881.0 124761.0 100003.0 8806.0 8142.0 1798.0 332.0
11.0 5578.0 47.0 8.0 398721.0 33023.0 4667619.0 109.0 1200.0 51367.0 18413.0 42.0 972.0 12.0 2.0
54.0 17665.0 1132.0 299.0 1759484.0 578141.0 8459634.0 13176.0 19134.0 229336.0 278854.0 8443.0 20491.0 2450.0 735.0
65.0 6846.0 1973.0 107.0 1296017.0 382056.0 571425.0 37579.0 8726.0 95280.0 26098.0 5631.0 6269.0 300.0 170.0
124.0 36639.0 5731.0 1895.0 3744754.0 2814616.0 12249510.0 142989.0 126365.0 373212.0 1259899.0 113679.0 89676.0 42857.0 10599.0
52.0 11156.0 1231.0 95.0 1058827.0 488870.0 5235615.0 17798.0 7587.0 96532.0 60530.0 3884.0 2191.0 388.0 30.0
58.0 19673.0 1427.0 226.0 2059805.0 830104.0 6557208.0 20378.0 32691.0 217485.0 194163.0 8573.0 15856.0 1632.0 273.0
33.0 5733.0 507.0 21.0 617725.0 161986.0 2053733.0 4850.0 2081.0 69548.0 15646.0 564.0 831.0 39.0 3.0
89.0 17951.0 3668.0 248.0 2010011.0 1349483.0 4147289.0 93993.0 24641.0 172720.0 158827.0 17764.0 11048.0 1609.0 198.0
43.0 9754.0 768.0 135.0 1114019.0 296440.0 4183465.0 7971.0 8185.0 110899.0 84706.0 3401.0 6076.0 773.0 196.0
8.0 1213.0 25.0 3.0 200586.0 7021.0 95129.0 39.0 215.0 6473.0 924.0 16.0 58.0 1.0 0.0
280.0 60337.0 34476.0 4584.0 5089773.0 12479192.0 18976049.0 2612826.0 520924.0 462076.0 2978177.0 763159.0 167403.0 219532.0 24043.0
44.0 13517.0 735.0 211.0 1289438.0 376452.0 7465664.0 6564.0 15396.0 170262.0 152031.0 4851.0 10978.0 1476.0 353.0
15.0 3098.0 100.0 5.0 328578.0 35393.0 1296407.0 396.0 228.0 54995.0 6293.0 54.0 615.0 4.0 1.0
31.0 4616.0 454.0 11.0 540027.0 124818.0 1235002.0 4192.0 1339.0 62073.0 6876.0 291.0 2054.0 8.0 4.0
45.0 11121.0 884.0 106.0 1073221.0 357241.0 6325263.0 10338.0 6719.0 95186.0 111533.0 3208.0 3556.0 582.0 62.0
8.0 778.0 28.0 0.0 128180.0 5348.0 54933.0 56.0 49.0 10202.0 0.0 0.0 0.0 0.0 0.0
4.0 812.0 5.0 1.0 53193.0 1631.0 295716.0 2.0 6.0 2181.0 787.0 2.0 3.0 0.0 0.0
31.0 4534.0 399.0 66.0 706033.0 110044.0 810150.0 2889.0 2078.0 56298.0 19154.0 1365.0 1333.0 174.0 67.0
3.0 605.0 3.0 0.0 60705.0 1184.0 106891.0 1.0 13.0 3540.0 0.0 0.0 0.0 0.0 0.0
7.0 4098.0 20.0 1.0 295322.0 21325.0 2712941.0 30.0 882.0 48560.0 1435.0 5.0 32.0 0.0 0.0
8.0 925.0 25.0 3.0 112131.0 5588.0 77980.0 40.0 49.0 2161.0 769.0 14.0 10.0 2.0 0.0
52.0 15280.0 1062.0 264.0 1922142.0 548447.0 2869135.0 11771.0 22258.0 153440.0 153683.0 7920.0 16317.0 1947.0 462.0
6.0 1450.0 11.0 4.0 187364.0 4484.0 243634.0 8.0 198.0 11547.0 2056.0 8.0 157.0 4.0 0.0
34.0 2567.0 524.0 37.0 402691.0 74661.0 213322.0 4997.0 1489.0 13508.0 6304.0 804.0 384.0 169.0 14.0
51.0 13975.0 1000.0 275.0 1694705.0 479540.0 4126877.0 10342.0 14625.0 126376.0 163782.0 8017.0 13089.0 1940.0 526.0
6.0 1846.0 14.0 1.0 171605.0 7500.0 825467.0 16.0 25.0 30891.0 1078.0 4.0 301.0 0.0 0.0
16.0 2503.0 111.0 9.0 207932.0 34496.0 1452227.0 441.0 163.0 14215.0 2617.0 113.0 53.0 5.0 1.0
3.0 2167.0 2.0 1.0 102256.0 2201.0 2190388.0 0.0 15.0 11391.0 2101.0 1.0 1.0 0.0 0.0
32.0 9177.0 402.0 94.0 952828.0 205122.0 4380185.0 2800.0 5889.0 69839.0 60703.0 1626.0 3442.0 408.0 126.0
9.0 1068.0 30.0 6.0 167629.0 6505.0 125289.0 48.0 163.0 12289.0 1667.0 30.0 23.0 6.0 0.0
13.0 582.0 72.0 6.0 130422.0 5769.0 16901.0 235.0 135.0 1715.0 845.0 36.0 50.0 15.0 0.0
64.0 20249.0 1789.0 227.0 1935910.0 955792.0 9472380.0 29777.0 27115.0 205627.0 238657.0 9919.0 13504.0 1749.0 219.0
4.0 2485.0 6.0 0.0 141529.0 7303.0 2226121.0 4.0 76.0 12930.0 0.0 0.0 0.0 0.0 0.0
22.0 1364.0 215.0 16.0 222515.0 25549.0 103162.0 1249.0 211.0 6473.0 2585.0 263.0 44.0 27.0 1.0
11.0 4093.0 52.0 3.0 307562.0 34493.0 3264583.0 139.0 748.0 48283.0 4869.0 25.0 36.0 1.0 0.0
4.0 2528.0 5.0 1.0 210715.0 5121.0 1937025.0 2.0 60.0 41886.0 2083.0 2.0 130.0 0.0 0.0
96.0 7577.0 4471.0 89.0 1032303.0 665718.0 2565986.0 134898.0 6484.0 36525.0 38905.0 7646.0 1112.0 288.0 48.0
15.0 7152.0 91.0 14.0 513307.0 71803.0 4804026.0 306.0 1486.0 71581.0 22277.0 120.0 1538.0 25.0 4.0
7.0 219.0 17.0 4.0 28861.0 1185.0 8472.0 19.0 4.0 176.0 89.0 13.0 16.0 2.0 1.0
26.0 9114.0 261.0 64.0 905615.0 151108.0 4986694.0 1444.0 3538.0 98133.0 62110.0 833.0 3778.0 266.0 57.0
5.0 4009.0 10.0 0.0 263654.0 13768.0 2532596.0 10.0 1134.0 26100.0 0.0 0.0 0.0 0.0 0.0
2.0 573.0 1.0 0.0 60518.0 545.0 113414.0 0.0 14.0 2792.0 0.0 0.0 0.0 0.0 0.0
105.0 6247.0 3770.0 1690.0 1159355.0 487275.0 512238.0 78149.0 6372.0 33178.0 142453.0 64789.0 3608.0 24285.0 20237.0
179.0 33451.0 14843.0 1088.0 3607090.0 4565601.0 11672028.0 778226.0 272647.0 342640.0 747543.0 133140.0 47920.0 26253.0 2310.0
2.0 263.0 1.0 0.0 18922.0 263.0 29350.0 0.0 0.0 921.0 0.0 0.0 0.0 0.0 0.0
44.0 7724.0 844.0 102.0 748269.0 272104.0 4172599.0 9673.0 4023.0 69875.0 48322.0 2988.0 1830.0 453.0 130.0
172.0 23774.0 12969.0 1737.0 4494287.0 3046643.0 3117299.0 592992.0 149238.0 284836.0 510259.0 202295.0 104988.0 21164.0 16889.0
2.0 293.0 0.0 1.0 31855.0 0.0 20744.0 0.0 0.0 1078.0 207.0 0.0 43.0 0.0 0.0
6.0 3995.0 13.0 2.0 333964.0 17031.0 2905647.0 13.0 834.0 40610.0 1220.0 6.0 28.0 1.0 0.0
85.0 15673.0 3299.0 271.0 1871001.0 1085027.0 3534970.0 79009.0 20104.0 137973.0 170531.0 17335.0 10383.0 2120.0 306.0
88.0 15613.0 3088.0 740.0 1849617.0 912511.0 5953480.0 62519.0 26464.0 181363.0 343502.0 33583.0 24695.0 10845.0 2789.0
17.0 3601.0 122.0 14.0 350385.0 49802.0 2056097.0 505.0 785.0 47110.0 5682.0 142.0 281.0 31.0 2.0
6.0 3599.0 15.0 0.0 247388.0 17157.0 2509192.0 20.0 419.0 21866.0 0.0 0.0 0.0 0.0 0.0
108.0 19903.0 4830.0 948.0 2875357.0 1523000.0 5125298.0 124692.0 50047.0 205933.0 451993.0 61271.0 27267.0 15362.0 2831.0
9.0 1397.0 32.0 4.0 217274.0 8526.0 181769.0 60.0 152.0 11987.0 2044.0 20.0 151.0 4.0 0.0
113.0 20818.0 5970.0 358.0 2165820.0 1966584.0 7438896.0 198654.0 32418.0 191617.0 273996.0 31546.0 13100.0 3616.0 320.0
2.0 65.0 1.0 0.0 15653.0 65.0 1106.0 0.0 0.0 158.0 0.0 0.0 0.0 0.0 0.0
19.0 2768.0 155.0 16.0 367657.0 44994.0 541805.0 731.0 606.0 30108.0 3184.0 208.0 217.0 26.0 4.0
16.0 957.0 117.0 3.0 172200.0 12938.0 71481.0 520.0 132.0 11651.0 1075.0 38.0 39.0 2.0 0.0
38.0 10164.0 673.0 30.0 758990.0 315491.0 6893727.0 7458.0 5960.0 98337.0 46053.0 880.0 1302.0 94.0 4.0
78.0 18871.0 2521.0 482.0 2233984.0 1052875.0 4746410.0 46854.0 30738.0 184520.0 290998.0 23122.0 23859.0 4790.0 1310.0
47.0 7579.0 1004.0 77.0 871462.0 289044.0 2519694.0 13158.0 3217.0 54916.0 49568.0 2694.0 1794.0 318.0 45.0
1.0 2099.0 0.0 0.0 93572.0 0.0 2190610.0 0.0 0.0 11241.0 0.0 0.0 0.0 0.0 0.0
5.0 678.0 9.0 1.0 79679.0 2111.0 54952.0 7.0 142.0 3138.0 219.0 3.0 49.0 0.0 0.0
26.0 5766.0 316.0 9.0 423731.0 122089.0 3790646.0 2404.0 1146.0 53541.0 18141.0 178.0 814.0 16.0 2.0
9.0 1008.0 28.0 8.0 182199.0 4934.0 115506.0 43.0 81.0 7374.0 2554.0 29.0 207.0 9.0 3.0
234.0 48893.0 20316.0 6945.0 4956407.0 7129716.0 15426888.0 990271.0 208199.0 386464.0 3442411.0 756436.0 201772.0 229627.0 131850.0
11.0 568.0 55.0 0.0 94137.0 5552.0 24427.0 165.0 64.0 2490.0 0.0 0.0 0.0 0.0 0.0
14.0 2777.0 88.0 3.0 177236.0 31756.0 1630492.0 330.0 252.0 14830.0 3781.0 32.0 30.0 2.0 0.0
23.0 2115.0 249.0 4.0 262793.0 43682.0 210796.0 1688.0 914.0 9288.0 976.0 82.0 22.0 1.0 0.0
16.0 2665.0 107.0 13.0 403579.0 31939.0 403448.0 394.0 742.0 23681.0 5936.0 151.0 308.0 14.0 1.0
23.0 1457.0 206.0 47.0 287288.0 25292.0 55408.0 1008.0 309.0 4527.0 4026.0 643.0 1059.0 16.0 104.0
64.0 5778.0 1605.0 411.0 842870.0 299953.0 659122.0 23059.0 3320.0 50040.0 52409.0 14760.0 2506.0 813.0 3032.0
92.0 18826.0 3882.0 304.0 1919689.0 1196698.0 6905023.0 106285.0 124709.0 167470.0 240090.0 11554.0 13480.0 7417.0 324.0
22.0 4502.0 211.0 20.0 437709.0 75708.0 2579140.0 1199.0 901.0 24881.0 15844.0 293.0 594.0 37.0 11.0
49.0 9685.0 886.0 290.0 952010.0 365615.0 5069306.0 8779.0 4548.0 73073.0 85347.0 7091.0 2411.0 1123.0 1431.0
2.0 5.0 1.0 0.0 705.0 5.0 6.0 0.0 0.0 0.0 0.0 0.0 0.0 0.0 0.0
36.0 8792.0 548.0 82.0 1054537.0 224056.0 3035057.0 5166.0 17814.0 86788.0 43282.0 1182.0 2377.0 770.0 22.0
4.0 639.0 6.0 0.0 68055.0 1891.0 65692.0 4.0 13.0 2446.0 0.0 0.0 0.0 0.0 0.0
70.0 14768.0 2160.0 255.0 1667989.0 759744.0 7608473.0 40176.0 21481.0 169580.0 194270.0 12099.0 11008.0 2154.0 311.0
1.0 13.0 0.0 0.0 536.0 0.0 71.0 0.0 0.0 7.0 0.0 0.0 0.0 0.0 0.0
8.0 2639.0 25.0 3.0 231219.0 15429.0 1642687.0 39.0 164.0 23337.0 2588.0 16.0 64.0 1.0 0.0
5.0 2380.0 10.0 0.0 238001.0 8982.0 802383.0 10.0 269.0 18894.0 0.0 0.0 0.0 0.0 0.0
24.0 3225.0 260.0 16.0 471088.0 66359.0 349381.0 1690.0 1350.0 21189.0 4702.0 318.0 207.0 14.0 2.0
45.0 12841.0 852.0 138.0 1043706.0 464327.0 8161923.0 9368.0 7890.0 106730.0 79925.0 3876.0 2486.0 780.0 166.0
132.0 10476.0 8499.0 147.0 2046963.0 1272819.0 883941.0 356353.0 22334.0 93309.0 47053.0 17581.0 3908.0 649.0 77.0
1.0 356.0 0.0 0.0 58269.0 0.0 58825.0 0.0 0.0 4365.0 0.0 0.0 0.0 0.0 0.0
10.0 1988.0 33.0 12.0 232963.0 12243.0 391889.0 46.0 246.0 18023.0 4569.0 58.0 294.0 10.0 6.0
72.0 21176.0 1329.0 1227.0 2607500.0 626599.0 7643973.0 11992.0 37645.0 300450.0 647475.0 21521.0 77066.0 14012.0 12115.0
11.0 3171.0 43.0 12.0 367159.0 20351.0 938198.0 87.0 297.0 40910.0 9255.0 52.0 755.0 22.0 4.0
667.0 67926.0 215409.0 6702.0 7667204.0 39842782.0 12848640.0 45145838.0 549349.0 491787.0 3908502.0 3748303.0 194367.0 312865.0 27599.0
11.0 1302.0 53.0 2.0 181386.0 12173.0 144534.0 147.0 174.0 8934.0 467.0 18.0 16.0 0.0 0.0
1.0 13.0 0.0 0.0 1160.0 0.0 78.0 0.0 0.0 0.0 0.0 0.0 0.0 0.0 0.0
19.0 5338.0 158.0 13.0 489869.0 81174.0 1444488.0 762.0 3114.0 33131.0 7856.0 194.0 413.0 12.0 1.0
46.0 17233.0 774.0 261.0 1947962.0 455392.0 4655296.0 7059.0 37714.0 247697.0 186273.0 5419.0 29196.0 2041.0 661.0
58.0 13711.0 1435.0 218.0 1432926.0 616698.0 5696332.0 20595.0 12238.0 106236.0 128631.0 8571.0 5861.0 1433.0 257.0
30.0 7531.0 380.0 55.0 685718.0 168583.0 4267237.0 2802.0 2881.0 61893.0 39144.0 1040.0 2455.0 154.0 64.0
1.0 112.0 0.0 0.0 8839.0 0.0 5946.0 0.0 0.0 270.0 0.0 0.0 0.0 0.0 0.0
27.0 7078.0 320.0 31.0 682765.0 145363.0 3418737.0 2251.0 3171.0 83596.0 29289.0 576.0 1517.0 95.0 3.0
101.0 33884.0 3907.0 1143.0 3335798.0 2141261.0 13780901.0 84124.0 84676.0 349434.0 936477.0 57918.0 70655.0 18585.0 6023.0
15.0 2849.0 103.0 2.0 241181.0 37023.0 1657601.0 429.0 258.0 16980.0 2277.0 26.0 35.0 0.0 0.0
16.0 2089.0 108.0 12.0 318231.0 25756.0 221721.0 420.0 528.0 14526.0 3911.0 115.0 306.0 22.0 3.0
3.0 116.0 3.0 0.0 16666.0 230.0 3534.0 1.0 1.0 125.0 0.0 0.0 0.0 0.0 0.0
26.0 2302.0 316.0 9.0 311150.0 53669.0 421688.0 2389.0 547.0 20592.0 2553.0 207.0 117.0 3.0 1.0
30.0 7393.0 381.0 54.0 781787.0 167063.0 3440030.0 2750.0 3570.0 66166.0 37614.0 1126.0 1290.0 166.0 18.0
2.0 244.0 1.0 0.0 25637.0 244.0 26457.0 0.0 0.0 849.0 0.0 0.0 0.0 0.0 0.0
16.0 1320.0 113.0 7.0 230963.0 18098.0 68238.0 467.0 263.0 5798.0 748.0 88.0 214.0 5.0 0.0
5.0 2482.0 9.0 1.0 140884.0 9818.0 2825413.0 7.0 25.0 26000.0 60.0 3.0 0.0 0.0 0.0
17.0 946.0 134.0 2.0 160237.0 14266.0 34480.0 651.0 188.0 4168.0 296.0 28.0 99.0 1.0 0.0
1.0 13.0 0.0 0.0 6810.0 0.0 51.0 0.0 0.0 27.0 0.0 0.0 0.0 0.0 0.0
2.0 23.0 1.0 0.0 3017.0 21.0 146.0 0.0 1.0 5.0 0.0 0.0 0.0 0.0 0.0
12.0 610.0 59.0 7.0 75759.0 5494.0 23334.0 157.0 69.0 1168.0 742.0 58.0 168.0 3.0 2.0
35.0 10392.0 489.0 106.0 891382.0 267893.0 6945497.0 3711.0 3808.0 119178.0 70021.0 2273.0 3899.0 458.0 103.0
10.0 3590.0 35.0 10.0 287588.0 20299.0 2587635.0 57.0 291.0 30880.0 10577.0 50.0 426.0 9.0 4.0
23.0 5238.0 201.0 52.0 408087.0 96398.0 3951676.0 964.0 1123.0 41302.0 15958.0 611.0 317.0 107.0 89.0
74.0 15485.0 2168.0 533.0 1650785.0 857394.0 6214604.0 35945.0 19108.0 172858.0 213445.0 21224.0 10675.0 5813.0 1842.0
62.0 10401.0 1797.0 94.0 973700.0 520962.0 5517561.0 32876.0 5263.0 90818.0 97933.0 4293.0 2520.0 606.0 45.0
16.0 3925.0 112.0 8.0 459236.0 49531.0 1074777.0 458.0 1201.0 38790.0 6180.0 92.0 381.0 10.0 0.0
2.0 779.0 1.0 0.0 46137.0 779.0 296229.0 0.0 0.0 2164.0 0.0 0.0 0.0 0.0 0.0
657.0 80743.0 203704.0 11792.0 10628179.0 44030220.0 13622676.0 40259330.0 1591242.0 451057.0 5103942.0 5937581.0 325381.0 772968.0 80081.0
36.0 1657.0 618.0 12.0 254209.0 55663.0 74407.0 6741.0 568.0 4291.0 1166.0 390.0 15.0 9.0 0.0
33.0 3756.0 499.0 29.0 508406.0 106136.0 719442.0 4625.0 1267.0 27302.0 10880.0 771.0 321.0 52.0 8.0
9.0 575.0 35.0 1.0 97110.0 4426.0 35191.0 77.0 46.0 2971.0 78.0 7.0 2.0 0.0 0.0
10.0 6526.0 41.0 4.0 392365.0 43684.0 5525646.0 94.0 1793.0 53590.0 10568.0 20.0 448.0 6.0 0.0
2.0 169.0 1.0 0.0 26616.0 163.0 6886.0 0.0 3.0 326.0 0.0 0.0 0.0 0.0 0.0
21.0 8312.0 186.0 24.0 743135.0 127909.0 4795365.0 932.0 3814.0 86002.0 27961.0 343.0 1371.0 52.0 3.0
182.0 29502.0 15271.0 1200.0 3349678.0 4392865.0 9482621.0 796940.0 74406.0 233668.0 739003.0 168746.0 29591.0 20468.0 2106.0
7.0 873.0 17.0 4.0 109363.0 3677.0 91260.0 21.0 67.0 4478.0 1371.0 8.0 28.0 6.0 0.0
20.0 7993.0 159.0 31.0 706538.0 105622.0 4613994.0 693.0 2099.0 80730.0 33731.0 358.0 4158.0 67.0 22.0
27.0 5366.0 338.0 13.0 574654.0 122947.0 2107317.0 2618.0 1925.0 41393.0 11771.0 290.0 474.0 16.0 1.0
66.0 17831.0 1842.0 303.0 1764694.0 866527.0 8861757.0 29832.0 16263.0 152832.0 235952.0 12943.0 12005.0 2506.0 479.0
102.0 12049.0 4862.0 289.0 1561840.0 1026306.0 4052937.0 145796.0 13207.0 94030.0 157355.0 23152.0 3437.0 2508.0 244.0
5.0 2497.0 10.0 0.0 185144.0 8336.0 1161056.0 10.0 826.0 15136.0 0.0 0.0 0.0 0.0 0.0
30.0 6388.0 423.0 12.0 526861.0 165407.0 4568476.0 3740.0 1546.0 48290.0 15641.0 304.0 556.0 16.0 0.0
39.0 16961.0 658.0 83.0 1574137.0 489257.0 7815058.0 6574.0 24975.0 199457.0 85267.0 2125.0 10022.0 374.0 66.0
10.0 2172.0 42.0 3.0 161972.0 19147.0 1416949.0 97.0 129.0 12822.0 139.0 22.0 2.0 1.0 0.0
102.0 16171.0 4925.0 226.0 2173380.0 1421974.0 3475236.0 150830.0 26810.0 147089.0 141677.0 19264.0 8000.0 1482.0 124.0
18.0 4395.0 140.0 13.0 369535.0 60309.0 2043724.0 632.0 954.0 26242.0 12198.0 161.0 150.0 22.0 1.0
5.0 562.0 10.0 0.0 103230.0 2072.0 36516.0 10.0 88.0 4155.0 0.0 0.0 0.0 0.0 0.0
65.0 23240.0 1810.0 270.0 2172634.0 1077299.0 10374489.0 29617.0 46249.0 292247.0 264949.0 11491.0 26307.0 2197.0 375.0
72.0 9347.0 2247.0 309.0 1178132.0 549152.0 2987310.0 41486.0 9992.0 71201.0 84585.0 15268.0 4958.0 2296.0 590.0
218.0 32241.0 22160.0 1493.0 3536182.0 5951641.0 9016031.0 1414717.0 84924.0 228972.0 811262.0 258155.0 31773.0 26099.0 4045.0
2.0 959.0 0.0 1.0 63572.0 0.0 312449.0 0.0 0.0 2548.0 943.0 0.0 8.0 0.0 0.0
68.0 16044.0 2025.0 253.0 1725298.0 813559.0 6261794.0 36153.0 16243.0 173309.0 207175.0 11609.0 10864.0 1973.0 381.0
38.0 3957.0 683.0 20.0 537461.0 136799.0 456316.0 7751.0 1651.0 36681.0 5644.0 651.0 332.0 33.0 1.0
7.0 1973.0 19.0 2.0 215435.0 9033.0 625093.0 26.0 452.0 29042.0 1695.0 8.0 103.0 1.0 0.0
14.0 2437.0 89.0 2.0 178558.0 27631.0 1592728.0 341.0 189.0 14295.0 3620.0 22.0 26.0 1.0 0.0
8.0 2648.0 24.0 4.0 236877.0 15387.0 1482335.0 33.0 231.0 16927.0 2553.0 22.0 67.0 1.0 0.0
297.0 61024.0 39503.0 4453.0 5607198.0 13692729.0 16425580.0 3250290.0 599440.0 493759.0 2798897.0 851670.0 186299.0 199175.0 21205.0
38.0 6389.0 666.0 37.0 811681.0 199649.0 2783158.0 7201.0 3344.0 54715.0 27498.0 1145.0 1279.0 83.0 7.0
113.0 27394.0 5890.0 438.0 2460366.0 2510419.0 13429405.0 190951.0 47944.0 254500.0 421667.0 38198.0 20077.0 4541.0 446.0
87.0 25387.0 2767.0 974.0 2843053.0 1337987.0 9439746.0 47075.0 64315.0 296093.0 617049.0 39282.0 49808.0 15406.0 4232.0
17.0 10184.0 119.0 17.0 661984.0 118345.0 8801683.0 461.0 2962.0 104355.0 34239.0 187.0 2218.0 28.0 4.0
19.0 7395.0 140.0 31.0 578097.0 87646.0 6103525.0 560.0 1839.0 88914.0 39210.0 304.0 1288.0 92.0 13.0
47.0 7928.0 987.0 94.0 930497.0 297389.0 2797541.0 12583.0 4433.0 48116.0 54177.0 3121.0 2128.0 424.0 87.0
3.0 1610.0 2.0 1.0 182052.0 1597.0 582658.0 0.0 61.0 25130.0 1145.0 1.0 178.0 0.0 0.0
774.0 45940.0 296989.0 2162.0 7596116.0 33531289.0 6212742.0 75369720.0 404072.0 371071.0 1035109.0 1558432.0 68539.0 49484.0 3888.0
50.0 10625.0 1101.0 124.0 1309748.0 389827.0 3069222.0 14669.0 8952.0 139879.0 97074.0 4040.0 7910.0 761.0 130.0
71.0 19841.0 2115.0 370.0 1823844.0 1055124.0 9770276.0 36041.0 29893.0 210600.0 248976.0 17286.0 12492.0 3240.0 588.0
20.0 2730.0 175.0 15.0 415076.0 43054.0 382019.0 897.0 843.0 20345.0 6550.0 220.0 290.0 19.0 4.0
21.0 1183.0 206.0 4.0 195492.0 22356.0 72170.0 1256.0 349.0 3776.0 454.0 73.0 76.0 0.0 1.0
70.0 28098.0 1915.0 500.0 2672493.0 1264353.0 11274164.0 29378.0 78089.0 342805.0 424909.0 18137.0 46661.0 5812.0 1413.0
10.0 3089.0 41.0 4.0 197052.0 26777.0 2857495.0 92.0 182.0 27670.0 646.0 25.0 7.0 2.0 1.0
11.0 1310.0 40.0 15.0 118184.0 11769.0 516494.0 70.0 76.0 7210.0 1073.0 62.0 53.0 26.0 7.0
84.0 16290.0 2981.0 505.0 1584327.0 1088265.0 6814201.0 61956.0 16671.0 120219.0 196775.0 27897.0 16844.0 2780.0 2651.0
39.0 7868.0 671.0 70.0 977166.0 245728.0 1902402.0 6880.0 5391.0 67385.0 38116.0 1969.0 2179.0 249.0 41.0
10.0 1544.0 32.0 13.0 227748.0 7660.0 266936.0 49.0 114.0 14391.0 5350.0 46.0 329.0 17.0 8.0
16.0 4166.0 110.0 10.0 423375.0 48021.0 2428764.0 436.0 778.0 30926.0 12417.0 109.0 248.0 14.0 1.0
58.0 13564.0 1497.0 156.0 1193632.0 639660.0 7316331.0 23259.0 11155.0 114023.0 104124.0 6566.0 3527.0 923.0 108.0
5.0 3497.0 8.0 2.0 288086.0 9825.0 2470795.0 5.0 248.0 26264.0 3379.0 4.0 144.0 1.0 0.0
12.0 3224.0 62.0 4.0 332216.0 31169.0 1596565.0 182.0 517.0 19913.0 3059.0 36.0 101.0 2.0 0.0
16.0 2261.0 101.0 19.0 256321.0 27446.0 196833.0 328.0 468.0 12136.0 3569.0 212.0 982.0 6.0 14.0
225.0 19669.0 24707.0 493.0 3635226.0 4038883.0 2126240.0 1769107.0 80493.0 159760.0 186571.0 98473.0 9708.0 5394.0 226.0
106.0 16249.0 5182.0 383.0 1660708.0 1455311.0 7229444.0 157281.0 19239.0 129210.0 202826.0 31756.0 4765.0 3573.0 310.0
44.0 9603.0 862.0 84.0 853629.0 323994.0 5206886.0 10231.0 4665.0 64526.0 74075.0 2572.0 2765.0 367.0 74.0
28.0 7137.0 334.0 44.0 672152.0 146779.0 3851434.0 2292.0 2666.0 65573.0 38182.0 838.0 1203.0 132.0 14.0
53.0 11838.0 1137.0 241.0 1146038.0 463773.0 3399425.0 13793.0 11564.0 90584.0 111639.0 7478.0 8518.0 1652.0 503.0
52.0 15090.0 1281.0 45.0 1022611.0 678261.0 9474127.0 20004.0 13191.0 128177.0 58597.0 1952.0 3175.0 134.0 10.0
8.0 3879.0 17.0 11.0 240068.0 21782.0 2594726.0 10.0 381.0 16394.0 3671.0 36.0 469.0 0.0 10.0
48.0 9605.0 1001.0 127.0 1302076.0 359677.0 2509593.0 12391.0 8086.0 79884.0 66466.0 4134.0 4560.0 605.0 166.0
3.0 599.0 3.0 0.0 71613.0 1176.0 94355.0 1.0 11.0 3380.0 0.0 0.0 0.0 0.0 0.0
301.0 25200.0 44587.0 563.0 3806489.0 6955898.0 6722612.0 4339110.0 84136.0 172807.0 414102.0 153617.0 10864.0 6949.0 274.0
25.0 2870.0 276.0 24.0 272215.0 60766.0 669378.0 1831.0 797.0 23814.0 6252.0 399.0 134.0 57.0 13.0
3.0 6128.0 2.0 1.0 305105.0 6608.0 6262354.0 0.0 652.0 48970.0 3646.0 1.0 349.0 0.0 0.0
18.0 965.0 107.0 46.0 186445.0 12774.0 57275.0 322.0 112.0 3078.0 3019.0 346.0 194.0 54.0 94.0
28.0 10020.0 288.0 90.0 910007.0 182321.0 6176425.0 1506.0 5170.0 95143.0 71093.0 1317.0 3393.0 336.0 117.0
97.0 10538.0 4491.0 165.0 1152972.0 906877.0 3287855.0 132694.0 8789.0 59551.0 83407.0 13853.0 1893.0 857.0 36.0
58.0 11977.0 1451.0 202.0 1253313.0 546693.0 5360466.0 21355.0 8663.0 105438.0 111106.0 7924.0 3782.0 1343.0 234.0
285.0 62731.0 35033.0 5437.0 5147874.0 12925271.0 18688709.0 2636440.0 556926.0 462587.0 3385137.0 860747.0 195672.0 283525.0 36958.0
39.0 3405.0 721.0 20.0 599179.0 119377.0 333816.0 8425.0 1778.0 27532.0 5833.0 691.0 312.0 20.0 3.0
19.0 1157.0 164.0 7.0 183972.0 18155.0 49068.0 859.0 599.0 3410.0 1265.0 102.0 104.0 7.0 1.0
3.0 1863.0 2.0 1.0 112581.0 1896.0 1397819.0 0.0 9.0 11675.0 1746.0 1.0 33.0 0.0 0.0
1.0 152.0 0.0 0.0 19443.0 0.0 11123.0 0.0 0.0 353.0 0.0 0.0 0.0 0.0 0.0
8.0 736.0 27.0 1.0 113442.0 4555.0 62202.0 50.0 280.0 2788.0 31.0 6.0 3.0 0.0 0.0
52.0 12024.0 1188.0 138.0 1342589.0 495388.0 4378089.0 16079.0 10507.0 132379.0 86318.0 5244.0 5252.0 675.0 102.0
2.0 780.0 0.0 1.0 87961.0 0.0 262140.0 0.0 0.0 12771.0 768.0 0.0 6.0 0.0 0.0
6.0 650.0 12.0 3.0 134268.0 2291.0 55088.0 10.0 32.0 5717.0 829.0 8.0 33.0 2.0 0.0
1.0 2388.0 0.0 0.0 116657.0 0.0 2824263.0 0.0 0.0 25815.0 0.0 0.0 0.0 0.0 0.0
11.0 444.0 52.0 3.0 59853.0 4049.0 12215.0 141.0 107.0 315.0 119.0 21.0 29.0 3.0 0.0
85.0 12350.0 3327.0 243.0 1321065.0 890590.0 5598747.0 81842.0 9225.0 93753.0 122374.0 13945.0 2993.0 2725.0 258.0
70.0 12192.0 2076.0 339.0 1607529.0 635408.0 3605676.0 35601.0 12438.0 122498.0 165304.0 15898.0 7830.0 2569.0 672.0
36.0 6501.0 614.0 16.0 584284.0 207833.0 2723767.0 6619.0 1951.0 46349.0 14592.0 499.0 604.0 21.0 1.0
5.0 2346.0 9.0 1.0 138810.0 9125.0 2200677.0 7.0 46.0 12816.0 135.0 3.0 16.0 0.0 0.0
19.0 2752.0 150.0 21.0 341819.0 35180.0 874928.0 676.0 467.0 23202.0 12948.0 243.0 237.0 36.0 14.0
2.0 329.0 1.0 0.0 48406.0 325.0 43271.0 0.0 2.0 1447.0 0.0 0.0 0.0 0.0 0.0
4.0 446.0 6.0 0.0 49618.0 1318.0 42358.0 4.0 10.0 1196.0 0.0 0.0 0.0 0.0 0.0
2.0 1730.0 1.0 0.0 102172.0 1712.0 1390776.0 0.0 9.0 11065.0 0.0 0.0 0.0 0.0 0.0
10.0 4125.0 36.0 9.0 326650.0 26421.0 2755508.0 65.0 896.0 38515.0 8736.0 41.0 88.0 11.0 3.0
20.0 8854.0 159.0 31.0 620770.0 122375.0 6109925.0 686.0 2485.0 83675.0 37999.0 361.0 1441.0 82.0 11.0
29.0 2875.0 401.0 5.0 404953.0 75545.0 267481.0 3523.0 1234.0 17487.0 2337.0 127.0 75.0 4.0 0.0
5.0 586.0 9.0 1.0 86488.0 2037.0 48769.0 7.0 56.0 3566.0 189.0 3.0 3.0 0.0 0.0
62.0 15126.0 1697.0 194.0 1715806.0 709419.0 4767791.0 27975.0 18433.0 192730.0 148469.0 8315.0 13966.0 1265.0 265.0
1.0 81.0 0.0 0.0 12963.0 0.0 3063.0 0.0 0.0 177.0 0.0 0.0 0.0 0.0 0.0
19.0 3993.0 150.0 21.0 467581.0 61664.0 1598758.0 656.0 1020.0 25126.0 7442.0 279.0 364.0 24.0 10.0
98.0 25992.0 4028.0 725.0 2707129.0 1831848.0 10158966.0 96670.0 56472.0 273061.0 516594.0 43024.0 29919.0 10630.0 1772.0
41.0 11084.0 690.0 130.0 1263140.0 285328.0 4358002.0 6730.0 7900.0 150148.0 122718.0 2948.0 9757.0 824.0 158.0
7.0 1020.0 20.0 1.0 129501.0 5226.0 110083.0 30.0 152.0 5086.0 540.0 5.0 25.0 0.0 0.0
34.0 11178.0 469.0 92.0 948941.0 253234.0 6969937.0 3618.0 4073.0 94459.0 99564.0 1882.0 3965.0 390.0 94.0
15.0 3246.0 91.0 14.0 425603.0 31248.0 1114818.0 303.0 553.0 63131.0 10930.0 126.0 1080.0 22.0 4.0
27.0 5684.0 255.0 96.0 748768.0 95643.0 1284652.0 1274.0 2307.0 69443.0 40691.0 1151.0 3418.0 251.0 249.0
65.0 9979.0 1734.0 346.0 1486864.0 473116.0 2827892.0 26256.0 14923.0 124905.0 116252.0 13656.0 9721.0 3162.0 606.0
8.0 3054.0 24.0 4.0 298208.0 16423.0 1179967.0 34.0 497.0 32952.0 3437.0 21.0 262.0 0.0 1.0
9.0 3445.0 32.0 4.0 270661.0 23366.0 2946032.0 58.0 377.0 33047.0 3370.0 24.0 35.0 2.0 0.0
2.0 680.0 1.0 0.0 75494.0 676.0 179239.0 0.0 2.0 10550.0 0.0 0.0 0.0 0.0 0.0
79.0 16062.0 2843.0 238.0 1893379.0 966114.0 6728618.0 63328.0 19724.0 152545.0 230178.0 13349.0 8548.0 2229.0 173.0
30.0 12696.0 374.0 61.0 1160932.0 260536.0 7284586.0 2660.0 11422.0 140153.0 73038.0 1134.0 5883.0 224.0 42.0
28.0 1624.0 373.0 5.0 298098.0 42170.0 64317.0 3151.0 461.0 4080.0 666.0 120.0 45.0 5.0 0.0
23.0 5488.0 223.0 30.0 455888.0 108579.0 2616500.0 1238.0 1347.0 32793.0 9013.0 449.0 225.0 71.0 13.0
