6.0 748.0 13.0 2.0 93836.0 3480.0 117435.0 12.0 37.0 6528.0 146.0 8.0 20.0 0.0 0.0
22.0 9445.0 192.0 39.0 681575.0 135746.0 6992746.0 919.0 2740.0 77982.0 50341.0 503.0 3389.0 77.0 41.0
89.0 7914.0 3678.0 238.0 1559337.0 602264.0 599104.0 94891.0 20031.0 82259.0 40370.0 17019.0 6868.0 1275.0 379.0
4.0 684.0 5.0 1.0 97252.0 1860.0 89814.0 2.0 19.0 5383.0 146.0 2.0 4.0 0.0 0.0
17.0 693.0 136.0 0.0 89485.0 10904.0 21168.0 680.0 92.0 1234.0 0.0 0.0 0.0 0.0 0.0
1.0 22.0 0.0 0.0 7307.0 0.0 214.0 0.0 0.0 17.0 0.0 0.0 0.0 0.0 0.0
75.0 18576.0 2487.0 288.0 1994025.0 1036248.0 6985094.0 49784.0 26676.0 213161.0 249212.0 14867.0 17906.0 2465.0 409.0
12.0 550.0 65.0 1.0 107921.0 5694.0 13865.0 210.0 119.0 754.0 116.0 10.0 1.0 0.0 0.0
76.0 14331.0 2538.0 312.0 1469467.0 879984.0 5094729.0 50339.0 14431.0 124894.0 154993.0 17270.0 5493.0 2255.0 436.0
8.0 2701.0 14.0 14.0 152698.0 14918.0 2830565.0 9.0 127.0 26253.0 3419.0 21.0 158.0 15.0 11.0
18.0 5398.0 140.0 13.0 540345.0 75676.0 2749820.0 638.0 1429.0 34668.0 11528.0 154.0 852.0 18.0 6.0
509.0 63719.0 121130.0 8156.0 9702792.0 26639521.0 8316272.0 18303936.0 999984.0 424314.0 3198055.0 3021037.0 265854.0 459028.0 65333.0
1.0 773.0 0.0 0.0 45940.0 0.0 296216.0 0.0 0.0 2162.0 0.0 0.0 0.0 0.0 0.0
44.0 3897.0 863.0 83.0 575946.0 143822.0 564065.0 10320.0 1952.0 30304.0 17993.0 2477.0 926.0 332.0 115.0
9.0 1034.0 27.0 9.0 111376.0 4972.0 103650.0 38.0 56.0 3453.0 2582.0 36.0 303.0 3.0 7.0
4.0 472.0 6.0 0.0 89953.0 1378.0 51341.0 4.0 19.0 3842.0 0.0 0.0 0.0 0.0 0.0
42.0 12432.0 802.0 59.0 1128059.0 409238.0 6469417.0 9423.0 7067.0 148949.0 72766.0 1801.0 6787.0 209.0 47.0
69.0 22361.0 1996.0 350.0 1801612.0 1120816.0 13489567.0 33448.0 31364.0 216067.0 307686.0 15056.0 14659.0 3276.0 614.0
2.0 268.0 1.0 0.0 21109.0 268.0 31715.0 0.0 0.0 507.0 0.0 0.0 0.0 0.0 0.0
17.0 4293.0 108.0 28.0 450552.0 47824.0 1861718.0 358.0 693.0 34139.0 17158.0 244.0 1160.0 58.0 20.0
95.0 14877.0 4146.0 319.0 1909280.0 1120677.0 5735398.0 112418.0 18016.0 138487.0 225131.0 22693.0 8299.0 2938.0 366.0
8.0 424.0 28.0 0.0 88805.0 2922.0 21805.0 56.0 23.0 8302.0 0.0 0.0 0.0 0.0 0.0
82.0 6288.0 3159.0 162.0 821168.0 454175.0 716026.0 76793.0 5415.0 34219.0 40623.0 10847.0 1850.0 647.0 273.0
227.0 45196.0 23023.0 2628.0 4791155.0 7504138.0 10143740.0 1444725.0 481291.0 435597.0 1473308.0 379170.0 137134.0 87660.0 12270.0
134.0 17370.0 8272.0 639.0 2119513.0 1895158.0 6352320.0 318335.0 26744.0 136373.0 337704.0 64362.0 11930.0 8175.0 1212.0
61.0 7105.0 1813.0 17.0 900358.0 403846.0 1012742.0 35022.0 6504.0 57721.0 7826.0 935.0 810.0 31.0 2.0
22.0 6285.0 207.0 24.0 407023.0 107845.0 5219643.0 1126.0 695.0 43753.0 21360.0 351.0 695.0 60.0 3.0
19.0 3222.0 164.0 7.0 362119.0 53943.0 672862.0 854.0 897.0 24480.0 1545.0 111.0 357.0 4.0 0.0
12.0 6179.0 54.0 12.0 635605.0 45925.0 3132218.0 124.0 2162.0 78512.0 15112.0 74.0 1304.0 20.0 2.0
149.0 25968.0 10404.0 622.0 2778479.0 3221901.0 8758059.0 457738.0 53498.0 256737.0 467565.0 74365.0 23401.0 7444.0 727.0
13.0 2887.0 68.0 10.0 255690.0 28045.0 1531179.0 192.0 340.0 19486.0 5875.0 79.0 22.0 14.0 1.0
36.0 7231.0 564.0 66.0 733800.0 201996.0 3691720.0 5258.0 2497.0 45807.0 43821.0 1578.0 1137.0 246.0 58.0
299.0 58307.0 38410.0 6141.0 5157726.0 12494901.0 16123280.0 2994614.0 498824.0 443262.0 3483679.0 1051116.0 199629.0 321696.0 43123.0
48.0 13631.0 991.0 137.0 1333665.0 482226.0 7399973.0 12040.0 12189.0 144064.0 121155.0 4321.0 6449.0 824.0 111.0
9.0 3760.0 32.0 4.0 271950.0 24597.0 2765293.0 60.0 387.0 31180.0 4065.0 20.0 322.0 4.0 0.0
30.0 5778.0 400.0 35.0 765926.0 132408.0 1742950.0 3226.0 2637.0 57318.0 27730.0 699.0 1075.0 124.0 11.0
1.0 300.0 0.0 0.0 25200.0 0.0 44287.0 0.0 0.0 563.0 0.0 0.0 0.0 0.0 0.0
4.0 208.0 6.0 0.0 36282.0 618.0 8229.0 4.0 3.0 1362.0 0.0 0.0 0.0 0.0 0.0
12.0 4888.0 64.0 2.0 357526.0 48790.0 2830720.0 201.0 1952.0 30635.0 1068.0 18.0 3.0 1.0 0.0
107.0 11119.0 5467.0 204.0 1354537.0 1048676.0 3371998.0 179165.0 10666.0 67878.0 104794.0 17453.0 1906.0 1634.0 233.0
1.0 1674.0 0.0 0.0 90322.0 0.0 1389331.0 0.0 0.0 10970.0 0.0 0.0 0.0 0.0 0.0
3.0 107.0 3.0 0.0 18437.0 214.0 3829.0 1.0 0.0 323.0 0.0 0.0 0.0 0.0 0.0
13.0 4281.0 71.0 7.0 408349.0 36322.0 2141528.0 218.0 2291.0 38128.0 9394.0 59.0 537.0 9.0 0.0
4.0 339.0 6.0 0.0 78601.0 933.0 13553.0 4.0 42.0 6484.0 0.0 0.0 0.0 0.0 0.0
4.0 686.0 6.0 0.0 80996.0 1928.0 79149.0 4.0 65.0 2867.0 0.0 0.0 0.0 0.0 0.0
47.0 7093.0 988.0 93.0 744576.0 264362.0 2942057.0 12583.0 2901.0 51159.0 52588.0 3147.0 1763.0 417.0 68.0
14.0 11496.0 75.0 16.0 740477.0 103076.0 9126727.0 205.0 5386.0 107427.0 30480.0 129.0 2560.0 27.0 3.0
3.0 3164.0 2.0 1.0 209535.0 5074.0 3021726.0 0.0 239.0 32332.0 732.0 1.0 22.0 0.0 0.0
18.0 4315.0 135.0 18.0 302236.0 60995.0 2569690.0 560.0 610.0 23110.0 10482.0 231.0 329.0 18.0 7.0
75.0 16792.0 2617.0 158.0 1524917.0 1019306.0 7958722.0 57084.0 23634.0 130471.0 164308.0 9413.0 5863.0 963.0 65.0
8.0 4033.0 26.0 2.0 272857.0 26972.0 3022307.0 45.0 508.0 34911.0 193.0 10.0 25.0 1.0 0.0
35.0 3251.0 583.0 12.0 581765.0 101788.0 325612.0 6166.0 1593.0 36624.0 4752.0 363.0 404.0 15.0 1.0
244.0 28137.0 28552.0 1094.0 4875715.0 5961107.0 3774336.0 2147336.0 156322.0 230703.0 505460.0 224873.0 29040.0 17830.0 1405.0
23.0 9683.0 207.0 46.0 727104.0 147272.0 6695403.0 1009.0 3289.0 74429.0 54632.0 590.0 2272.0 140.0 32.0
12.0 1773.0 55.0 11.0 248485.0 16117.0 362728.0 125.0 223.0 12114.0 2742.0 83.0 99.0 9.0 3.0
3.0 97.0 3.0 0.0 27473.0 188.0 2358.0 1.0 3.0 406.0 0.0 0.0 0.0 0.0 0.0
1.0 2099.0 0.0 0.0 93572.0 0.0 2190610.0 0.0 0.0 11241.0 0.0 0.0 0.0 0.0 0.0
19.0 2546.0 162.0 9.0 308690.0 37643.0 868086.0 829.0 292.0 22544.0 7033.0 128.0 284.0 11.0 1.0
1.0 152.0 0.0 0.0 31311.0 0.0 10331.0 0.0 0.0 1145.0 0.0 0.0 0.0 0.0 0.0
2.0 282.0 0.0 1.0 31441.0 0.0 32319.0 0.0 0.0 1345.0 272.0 0.0 5.0 0.0 0.0
75.0 21978.0 2302.0 473.0 2094532.0 1154925.0 9716482.0 40536.0 38396.0 221887.0 363003.0 20531.0 15826.0 5376.0 1082.0
22.0 5755.0 194.0 37.0 629374.0 85454.0 1913693.0 933.0 4197.0 54266.0 23601.0 485.0 1703.0 111.0 11.0
32.0 7160.0 446.0 50.0 860429.0 164899.0 2943234.0 3702.0 3894.0 99084.0 44217.0 1045.0 2528.0 184.0 29.0
12.0 6227.0 58.0 8.0 490852.0 51174.0 4106317.0 152.0 1848.0 80136.0 10985.0 56.0 1321.0 12.0 0.0
23.0 7307.0 236.0 17.0 538739.0 132760.0 4031135.0 1443.0 2292.0 47416.0 21880.0 299.0 765.0 29.0 0.0
27.0 5975.0 299.0 52.0 654345.0 123717.0 2587283.0 1815.0 1916.0 45779.0 25929.0 977.0 936.0 76.0 57.0
37.0 15397.0 557.0 109.0 1416233.0 368818.0 7702209.0 4765.0 16401.0 218458.0 123656.0 2336.0 14508.0 528.0 141.0
3.0 609.0 3.0 0.0 79797.0 1168.0 63787.0 1.0 25.0 3161.0 0.0 0.0 0.0 0.0 0.0
3.0 3.0 1.0 2.0 2754.0 1.0 1.0 0.0 0.0 0.0 5.0 0.0 0.0 1.0 0.0
7.0 2747.0 21.0 0.0 174613.0 16292.0 2839033.0 35.0 95.0 26909.0 0.0 0.0 0.0 0.0 0.0
11.0 853.0 52.0 3.0 127526.0 8092.0 79674.0 141.0 76.0 5099.0 278.0 21.0 4.0 3.0 0.0
24.0 3672.0 253.0 23.0 293710.0 69988.0 2299554.0 1574.0 470.0 23093.0 13062.0 399.0 233.0 46.0 5.0
18.0 846.0 128.0 25.0 125269.0 10218.0 58928.0 500.0 282.0 3713.0 3486.0 236.0 57.0 76.0 4.0
28.0 4196.0 354.0 24.0 454975.0 97551.0 1225338.0 2705.0 1197.0 37740.0 12179.0 529.0 584.0 31.0 11.0
42.0 4515.0 812.0 49.0 584976.0 159890.0 962243.0 9754.0 1579.0 30274.0 20971.0 1511.0 548.0 196.0 19.0
59.0 8475.0 1645.0 66.0 976352.0 429138.0 3544937.0 29012.0 5093.0 63936.0 50676.0 3252.0 775.0 225.0 20.0
11.0 3427.0 35.0 20.0 459341.0 18989.0 618714.0 45.0 590.0 30335.0 8891.0 86.0 2605.0 8.0 26.0
23.0 1849.0 252.0 1.0 138600.0 38932.0 162994.0 1750.0 742.0 2586.0 178.0 21.0 42.0 0.0 0.0
49.0 13180.0 1116.0 60.0 1254226.0 517942.0 5983661.0 15942.0 13254.0 139263.0 77288.0 2182.0 5451.0 262.0 38.0
15.0 1883.0 98.0 7.0 293771.0 23290.0 285767.0 375.0 329.0 12349.0 2224.0 69.0 95.0 11.0 0.0
164.0 15222.0 12686.0 680.0 2448638.0 2213275.0 1859691.0 624819.0 39336.0 82268.0 174343.0 84994.0 7448.0 10687.0 1264.0
91.0 11978.0 3942.0 153.0 1570338.0 944800.0 3028440.0 109102.0 12953.0 89946.0 98650.0 11244.0 4332.0 1044.0 95.0
71.0 12530.0 2266.0 219.0 1309568.0 715873.0 5447345.0 43855.0 10952.0 105190.0 131451.0 11647.0 3936.0 1495.0 158.0
30.0 9642.0 373.0 62.0 883279.0 211235.0 4497841.0 2586.0 5707.0 98361.0 49657.0 1255.0 3656.0 176.0 43.0
16.0 5332.0 109.0 11.0 540584.0 64120.0 2241033.0 423.0 1260.0 46080.0 12110.0 120.0 615.0 17.0 0.0
23.0 5712.0 202.0 51.0 599816.0 97018.0 2487801.0 965.0 1509.0 36070.0 23522.0 598.0 1053.0 151.0 57.0
32.0 10730.0 463.0 33.0 882777.0 273493.0 5988619.0 4073.0 7048.0 122129.0 40187.0 793.0 2427.0 85.0 9.0
6.0 950.0 12.0 3.0 74742.0 4652.0 301130.0 10.0 20.0 2957.0 54.0 9.0 2.0 0.0 1.0
75.0 14070.0 2514.0 261.0 1489375.0 831242.0 5015679.0 51713.0 13710.0 113322.0 167726.0 12874.0 7396.0 2635.0 303.0
29.0 1516.0 403.0 3.0 263456.0 41264.0 81420.0 3574.0 404.0 4074.0 352.0 79.0 12.0 1.0 0.0
12.0 2467.0 58.0 8.0 232314.0 23154.0 1467671.0 152.0 221.0 16836.0 3527.0 60.0 7.0 4.0 4.0
80.0 10533.0 2949.0 211.0 1553590.0 554479.0 1845225.0 69052.0 79873.0 119376.0 103226.0 9939.0 7328.0 2988.0 181.0
21.0 2889.0 194.0 16.0 219239.0 48944.0 317408.0 1064.0 1735.0 7626.0 4320.0 233.0 523.0 28.0 5.0
60.0 10513.0 1696.0 74.0 967043.0 524462.0 6145086.0 30367.0 4874.0 78854.0 80993.0 3445.0 2532.0 377.0 31.0
23.0 2499.0 226.0 27.0 298473.0 50947.0 565104.0 1286.0 371.0 18211.0 3005.0 429.0 142.0 30.0 26.0
250.0 36550.0 29500.0 1625.0 3828172.0 7523862.0 12976385.0 2213292.0 110223.0 287928.0 1279436.0 318940.0 38603.0 38244.0 2524.0
7.0 568.0 12.0 9.0 86351.0 2033.0 24637.0 8.0 109.0 1807.0 1065.0 13.0 46.0 10.0 4.0
9.0 3723.0 29.0 7.0 310803.0 24365.0 1801692.0 44.0 702.0 23977.0 3539.0 32.0 238.0 7.0 1.0
15.0 905.0 64.0 41.0 165042.0 8110.0 54171.0 129.0 92.0 5007.0 4040.0 163.0 168.0 119.0 44.0
3.0 430.0 2.0 1.0 86231.0 524.0 24873.0 0.0 20.0 7558.0 272.0 1.0 12.0 0.0 0.0
2.0 127.0 0.0 1.0 19077.0 0.0 3630.0 0.0 0.0 339.0 113.0 0.0 7.0 0.0 0.0
4.0 3454.0 5.0 1.0 225461.0 8644.0 3260366.0 2.0 345.0 43322.0 996.0 2.0 16.0 0.0 0.0
23.0 4949.0 245.0 8.0 417488.0 95845.0 2818420.0 1616.0 1023.0 34829.0 10613.0 142.0 187.0 13.0 0.0
6.0 1628.0 12.0 3.0 219378.0 5682.0 410764.0 10.0 249.0 24272.0 1782.0 8.0 89.0 2.0 0.0
26.0 4038.0 310.0 15.0 433070.0 92432.0 641630.0 2264.0 1040.0 19609.0 5562.0 316.0 438.0 16.0 4.0
13.0 5908.0 59.0 19.0 556775.0 42867.0 3394127.0 131.0 826.0 61324.0 23067.0 112.0 1655.0 32.0 11.0
36.0 15255.0 533.0 97.0 1212247.0 368050.0 9309453.0 4509.0 8780.0 164899.0 130467.0 2060.0 8924.0 475.0 96.0
56.0 14628.0 1420.0 120.0 1572034.0 659627.0 5216084.0 21975.0 18290.0 138683.0 95679.0 5087.0 6327.0 581.0 77.0
35.0 4849.0 560.0 35.0 885836.0 143585.0 493258.0 5478.0 4617.0 36572.0 10619.0 989.0 714.0 68.0 10.0
56.0 8085.0 1429.0 111.0 1037635.0 376953.0 2883294.0 22442.0 5451.0 52178.0 53562.0 4647.0 1629.0 546.0 85.0
6.0 1979.0 13.0 2.0 248020.0 7255.0 439107.0 13.0 300.0 26374.0 1748.0 6.0 146.0 1.0 0.0
22.0 8549.0 162.0 69.0 757541.0 112143.0 4442458.0 560.0 3277.0 59130.0 54122.0 657.0 3355.0 246.0 77.0
30.0 7033.0 335.0 100.0 1171395.0 128639.0 1127622.0 1987.0 5760.0 101968.0 52770.0 1471.0 5514.0 477.0 125.0
29.0 6275.0 360.0 46.0 561287.0 137738.0 3308581.0 2587.0 1916.0 52596.0 29670.0 927.0 2230.0 105.0 35.0
22.0 4707.0 208.0 23.0 420025.0 83792.0 2707931.0 1138.0 1055.0 34750.0 12297.0 347.0 324.0 52.0 3.0
1.0 142.0 0.0 0.0 16849.0 0.0 9780.0 0.0 0.0 231.0 0.0 0.0 0.0 0.0 0.0
8.0 1626.0 28.0 0.0 144061.0 10386.0 213789.0 56.0 498.0 9455.0 0.0 0.0 0.0 0.0 0.0
87.0 20263.0 3336.0 405.0 2255998.0 1342915.0 8336390.0 76695.0 27587.0 196901.0 312685.0 24831.0 15922.0 3813.0 656.0
3.0 2691.0 2.0 1.0 146632.0 2775.0 2296297.0 0.0 32.0 13124.0 2423.0 1.0 60.0 0.0 0.0
30.0 6657.0 389.0 46.0 623808.0 157973.0 3625208.0 3001.0 2571.0 59987.0 27818.0 847.0 1060.0 195.0 17.0
2.0 68.0 0.0 1.0 11213.0 0.0 1395.0 0.0 0.0 168.0 58.0 0.0 5.0 0.0 0.0
11.0 4282.0 41.0 14.0 463984.0 27341.0 1770021.0 66.0 996.0 53403.0 12013.0 76.0 737.0 19.0 4.0
10.0 3743.0 40.0 5.0 303209.0 24479.0 2736706.0 85.0 536.0 34167.0 7910.0 30.0 113.0 5.0 0.0
2.0 339.0 1.0 0.0 14289.0 313.0 42347.0 0.0 13.0 1220.0 0.0 0.0 0.0 0.0 0.0
29.0 4541.0 316.0 90.0 648422.0 92349.0 730574.0 1866.0 2109.0 36942.0 27867.0 1245.0 1357.0 444.0 99.0
58.0 12677.0 1488.0 165.0 1231252.0 579948.0 6254277.0 22817.0 10550.0 118754.0 114367.0 7006.0 3587.0 865.0 168.0
19.0 1254.0 164.0 7.0 178141.0 20800.0 57720.0 855.0 235.0 3413.0 1246.0 109.0 28.0 5.0 0.0
9.0 372.0 36.0 0.0 85161.0 2930.0 10788.0 84.0 23.0 1056.0 0.0 0.0 0.0 0.0 0.0
19.0 5554.0 167.0 4.0 453557.0 89193.0 3224457.0 904.0 1566.0 55756.0 7293.0 62.0 177.0 3.0 0.0
40.0 3223.0 741.0 39.0 470725.0 113077.0 262370.0 8523.0 1353.0 14845.0 8988.0 1249.0 463.0 91.0 17.0
24.0 9182.0 232.0 44.0 897549.0 155791.0 4874969.0 1217.0 4652.0 116804.0 39919.0 675.0 3086.0 103.0 29.0
14.0 1184.0 86.0 5.0 194393.0 13621.0 98753.0 311.0 190.0 6272.0 1279.0 47.0 56.0 5.0 1.0
147.0 31072.0 9881.0 850.0 3225990.0 3245545.0 8970614.0 424300.0 306435.0 320238.0 572303.0 67140.0 52897.0 25565.0 1660.0
22.0 3725.0 202.0 29.0 349037.0 62781.0 2270184.0 1047.0 1173.0 19341.0 11956.0 414.0 571.0 71.0 8.0
50.0 22139.0 1039.0 186.0 1859081.0 752240.0 12232747.0 12623.0 35388.0 215964.0 231607.0 5273.0 15094.0 1457.0 247.0
92.0 36445.0 3278.0 908.0 3072200.0 2101549.0 16632470.0 64556.0 97090.0 396010.0 872670.0 43419.0 74048.0 14514.0 3091.0
7.0 681.0 20.0 1.0 88821.0 3690.0 69385.0 30.0 51.0 2607.0 294.0 5.0 0.0 0.0 0.0
85.0 8047.0 3417.0 153.0 1508664.0 602921.0 751455.0 87036.0 12797.0 59040.0 42679.0 10847.0 2377.0 809.0 78.0
61.0 10673.0 1656.0 174.0 1291116.0 519304.0 2817049.0 27197.0 8877.0 109655.0 90908.0 7568.0 6207.0 977.0 248.0
8.0 5709.0 15.0 13.0 541369.0 18348.0 2577156.0 8.0 1725.0 80508.0 14881.0 29.0 1642.0 8.0 11.0
25.0 8545.0 273.0 27.0 791249.0 161187.0 4708967.0 1760.0 5221.0 83257.0 30781.0 468.0 1335.0 63.0 9.0
31.0 5531.0 421.0 44.0 538104.0 129677.0 2053913.0 3408.0 2407.0 33216.0 29157.0 926.0 1141.0 133.0 28.0
144.0 32812.0 9218.0 1078.0 3827709.0 3677662.0 7411116.0 359341.0 131142.0 348923.0 648866.0 105845.0 51652.0 19243.0 2915.0
39.0 14433.0 595.0 146.0 1366046.0 402894.0 6192193.0 4955.0 16962.0 131207.0 94898.0 3210.0 8369.0 730.0 244.0
5.0 3109.0 9.0 1.0 236149.0 9261.0 2911817.0 7.0 190.0 36363.0 2445.0 3.0 175.0 0.0 0.0
15.0 2559.0 95.0 10.0 343307.0 29890.0 582322.0 339.0 493.0 28102.0 4258.0 106.0 346.0 6.0 4.0
57.0 7654.0 1523.0 73.0 805926.0 356291.0 4478468.0 25617.0 3494.0 76557.0 62909.0 3304.0 1218.0 306.0 33.0
20.0 2955.0 178.0 12.0 435358.0 46859.0 393553.0 952.0 828.0 33387.0 6740.0 162.0 445.0 24.0 2.0
2.0 5.0 1.0 0.0 491.0 5.0 4.0 0.0 0.0 0.0 0.0 0.0 0.0 0.0 0.0
47.0 8878.0 917.0 164.0 1141075.0 302187.0 3310174.0 10036.0 7329.0 87292.0 84145.0 5161.0 3699.0 835.0 183.0
124.0 27705.0 6212.0 1414.0 2974316.0 2250987.0 11587106.0 179050.0 69103.0 308967.0 905576.0 96551.0 56473.0 27612.0 6911.0
42.0 10582.0 788.0 73.0 1080577.0 345060.0 4845357.0 8985.0 6771.0 105146.0 68984.0 2110.0 3138.0 345.0 40.0
178.0 28815.0 14479.0 1274.0 3213042.0 4149023.0 8404968.0 733401.0 67923.0 225433.0 747764.0 160884.0 33811.0 26333.0 3558.0
3.0 2253.0 2.0 1.0 120219.0 2356.0 2198343.0 0.0 21.0 11895.0 2098.0 1.0 5.0 0.0 0.0
29.0 5696.0 378.0 28.0 584908.0 131738.0 2329720.0 2984.0 2308.0 43153.0 21752.0 591.0 691.0 72.0 7.0
13.0 2656.0 73.0 5.0 186433.0 27324.0 1497169.0 235.0 304.0 14159.0 3884.0 47.0 28.0 4.0 0.0
43.0 5964.0 834.0 69.0 685119.0 205383.0 1382427.0 10119.0 1886.0 61216.0 35899.0 1678.0 2717.0 481.0 63.0
32.0 8286.0 456.0 40.0 840847.0 212389.0 4415120.0 3890.0 4702.0 69781.0 33095.0 946.0 989.0 118.0 6.0
5.0 1473.0 9.0 1.0 153773.0 4720.0 400485.0 7.0 82.0 11840.0 978.0 3.0 15.0 0.0 0.0
2.0 2236.0 1.0 0.0 114785.0 2186.0 2199231.0 0.0 25.0 11936.0 0.0 0.0 0.0 0.0 0.0
15.0 6310.0 96.0 9.0 517585.0 72183.0 3563142.0 349.0 1836.0 57979.0 11661.0 95.0 412.0 11.0 0.0
162.0 28071.0 12030.0 1011.0 2690636.0 3428613.0 12866769.0 563345.0 165935.0 243246.0 704238.0 104308.0 27355.0 26149.0 1718.0
20.0 5605.0 177.0 13.0 371301.0 92725.0 3112246.0 926.0 1471.0 30963.0 10090.0 194.0 369.0 20.0 0.0
45.0 11637.0 907.0 83.0 1076695.0 400564.0 6394996.0 11062.0 6086.0 101791.0 91138.0 2734.0 4077.0 347.0 47.0
64.0 8903.0 1956.0 60.0 934609.0 489057.0 4115167.0 38193.0 6444.0 68083.0 56368.0 3234.0 1288.0 225.0 12.0
17.0 3055.0 106.0 30.0 347566.0 31813.0 883498.0 350.0 717.0 23329.0 14095.0 240.0 769.0 60.0 30.0
44.0 4751.0 884.0 62.0 723119.0 174032.0 570633.0 10931.0 2681.0 35999.0 22255.0 2058.0 1322.0 219.0 36.0
16.0 821.0 119.0 1.0 159445.0 11665.0 23291.0 546.0 276.0 1768.0 74.0 14.0 12.0 0.0 0.0
16.0 1194.0 109.0 11.0 159496.0 15378.0 82630.0 419.0 181.0 4487.0 1886.0 129.0 142.0 11.0 1.0
230.0 36775.0 24124.0 2211.0 4261016.0 6479945.0 9862143.0 1583102.0 294438.0 360710.0 1191472.0 339797.0 80591.0 71372.0 7189.0
25.0 5386.0 280.0 20.0 437160.0 115927.0 1309441.0 1880.0 3322.0 29143.0 4893.0 389.0 900.0 22.0 9.0
22.0 3024.0 186.0 45.0 359941.0 45531.0 416142.0 867.0 964.0 15957.0 14379.0 483.0 833.0 153.0 37.0
17.0 3281.0 124.0 12.0 388899.0 45440.0 629930.0 518.0 1019.0 20306.0 4426.0 147.0 296.0 12.0 3.0
19.0 3668.0 153.0 18.0 482635.0 48880.0 939796.0 712.0 929.0 43340.0 14332.0 209.0 477.0 47.0 1.0
3.0 110.0 3.0 0.0 11585.0 164.0 2229.0 1.0 28.0 23.0 0.0 0.0 0.0 0.0 0.0
7.0 1687.0 20.0 1.0 167828.0 8529.0 628377.0 30.0 55.0 18601.0 1257.0 5.0 113.0 0.0 0.0
21.0 3355.0 159.0 51.0 324477.0 48706.0 1000274.0 614.0 772.0 17788.0 15650.0 518.0 600.0 143.0 55.0
8.0 304.0 25.0 3.0 59023.0 1904.0 5648.0 40.0 19.0 548.0 114.0 15.0 36.0 0.0 1.0
20.0 8373.0 165.0 25.0 604209.0 118747.0 6381934.0 750.0 1607.0 63527.0 34136.0 340.0 1495.0 40.0 10.0
21.0 6507.0 176.0 34.0 706585.0 80864.0 3305582.0 831.0 1921.0 107030.0 39462.0 372.0 2986.0 107.0 20.0
108.0 22684.0 5193.0 585.0 2532259.0 1769401.0 7035111.0 156489.0 133119.0 252331.0 331627.0 34326.0 29961.0 12339.0 1002.0
2.0 439.0 1.0 0.0 65421.0 421.0 47984.0 0.0 9.0 3883.0 0.0 0.0 0.0 0.0 0.0
8.0 768.0 20.0 8.0 115896.0 4138.0 61244.0 19.0 58.0 4889.0 924.0 28.0 99.0 7.0 2.0
17.0 10313.0 117.0 19.0 779841.0 113474.0 7410535.0 444.0 4644.0 99401.0 37276.0 190.0 2485.0 43.0 3.0
20.0 4186.0 173.0 17.0 453985.0 70102.0 1151562.0 865.0 1347.0 30791.0 5814.0 250.0 462.0 19.0 6.0
68.0 5559.0 2212.0 66.0 751830.0 332845.0 678934.0 45995.0 8023.0 31397.0 21488.0 3899.0 1037.0 209.0 13.0
52.0 9661.0 1169.0 157.0 1076298.0 396257.0 4183090.0 15519.0 7787.0 107057.0 73958.0 5434.0 3461.0 1025.0 122.0
11.0 609.0 53.0 2.0 74661.0 5227.0 33928.0 148.0 173.0 1032.0 509.0 16.0 4.0 1.0 0.0
2.0 277.0 1.0 0.0 29666.0 271.0 30593.0 0.0 3.0 1107.0 0.0 0.0 0.0 0.0 0.0
21.0 3369.0 203.0 7.0 358909.0 60907.0 352512.0 1204.0 1847.0 10794.0 2453.0 120.0 163.0 5.0 1.0
58.0 9868.0 1561.0 92.0 961562.0 483509.0 3360231.0 26116.0 7306.0 76240.0 60319.0 4363.0 2018.0 342.0 35.0
120.0 24234.0 6722.0 418.0 2483099.0 2025529.0 8179666.0 243598.0 251990.0 277625.0 290609.0 25642.0 31864.0 11118.0 482.0
137.0 15516.0 8970.0 346.0 1504326.0 1902735.0 7047366.0 376608.0 17888.0 102724.0 162467.0 38850.0 4599.0 3426.0 336.0
36.0 3479.0 616.0 14.0 378416.0 115746.0 422589.0 6673.0 1513.0 17633.0 2771.0 458.0 111.0 9.0 0.0
3.0 432.0 1.0 2.0 49690.0 200.0 39472.0 0.0 5.0 2220.0 526.0 0.0 64.0 1.0 0.0
16.0 4067.0 105.0 15.0 439984.0 42615.0 1990631.0 391.0 920.0 34472.0 15478.0 132.0 536.0 33.0 4.0
11.0 2803.0 43.0 12.0 402207.0 18987.0 531416.0 83.0 656.0 29687.0 6721.0 60.0 505.0 18.0 4.0
40.0 14186.0 610.0 170.0 1584255.0 349255.0 5075162.0 4991.0 14161.0 174120.0 155111.0 3517.0 10283.0 1173.0 199.0
182.0 37863.0 14427.0 2044.0 4941604.0 4910236.0 10512757.0 688820.0 178944.0 401087.0 1377361.0 240234.0 103859.0 49932.0 9274.0
28.0 9538.0 345.0 33.0 847315.0 209743.0 5073617.0 2517.0 4653.0 107430.0 33963.0 671.0 2257.0 77.0 11.0
239.0 42536.0 21602.0 6839.0 4811280.0 6572836.0 12241768.0 1111599.0 206734.0 341940.0 2804282.0 777200.0 166491.0 230477.0 127563.0
24.0 2103.0 265.0 11.0 352769.0 43483.0 167842.0 1798.0 597.0 10960.0 3244.0 213.0 224.0 10.0 3.0
27.0 4790.0 337.0 14.0 493616.0 108121.0 1315196.0 2605.0 1247.0 36408.0 12981.0 292.0 472.0 26.0 2.0
18.0 2684.0 132.0 21.0 420669.0 32925.0 411980.0 538.0 1214.0 26465.0 9441.0 222.0 417.0 54.0 2.0
7.0 4858.0 16.0 5.0 280367.0 17063.0 4729470.0 15.0 193.0 37600.0 10867.0 15.0 416.0 5.0 0.0
31.0 6301.0 384.0 81.0 653619.0 136370.0 2993605.0 2646.0 2194.0 53292.0 43654.0 1443.0 2309.0 312.0 94.0
19.0 7644.0 156.0 15.0 678277.0 110117.0 3433170.0 739.0 3256.0 80719.0 19137.0 205.0 913.0 25.0 0.0
6.0 950.0 14.0 1.0 77221.0 3884.0 298978.0 16.0 18.0 2318.0 798.0 4.0 16.0 0.0 0.0
60.0 11133.0 1705.0 65.0 1153933.0 553711.0 4727994.0 30824.0 7987.0 104766.0 80554.0 3044.0 3304.0 330.0 22.0
34.0 5502.0 491.0 70.0 723124.0 145655.0 938961.0 4074.0 2575.0 46645.0 25191.0 1663.0 2785.0 164.0 83.0
8.0 428.0 26.0 2.0 47534.0 2688.0 21085.0 44.0 13.0 928.0 208.0 12.0 37.0 0.0 0.0
193.0 43609.0 11753.0 6775.0 4507603.0 4620041.0 13206236.0 385028.0 170519.0 351497.0 3046385.0 441491.0 182732.0 206757.0 146340.0
43.0 5402.0 621.0 282.0 882227.0 147345.0 561540.0 4716.0 4327.0 68276.0 56735.0 4891.0 7075.0 1531.0 1203.0
118.0 27753.0 6288.0 615.0 2666362.0 2229073.0 10141461.0 217282.0 252904.0 278691.0 446000.0 29003.0 33110.0 19556.0 1075.0
10.0 4399.0 37.0 8.0 382871.0 25942.0 3070849.0 68.0 714.0 44435.0 11585.0 40.0 318.0 12.0 0.0
300.0 59191.0 40842.0 4008.0 5668071.0 14152908.0 16102692.0 3423284.0 345901.0 485580.0 2543199.0 885783.0 155100.0 129498.0 16535.0
28.0 8998.0 346.0 32.0 707605.0 190600.0 5668912.0 2558.0 2625.0 75194.0 42324.0 618.0 2386.0 86.0 14.0
86.0 15419.0 3409.0 246.0 1868270.0 1077785.0 4726717.0 84340.0 19235.0 172203.0 176270.0 15534.0 9045.0 2268.0 198.0
43.0 5311.0 860.0 43.0 646890.0 202233.0 836116.0 10711.0 2339.0 30804.0 14507.0 1509.0 822.0 109.0 12.0
9.0 4843.0 26.0 10.0 401765.0 20490.0 3148089.0 33.0 655.0 50302.0 15876.0 34.0 534.0 15.0 2.0
103.0 32880.0 4268.0 985.0 3220975.0 2216914.0 10228435.0 101516.0 118771.0 382875.0 728404.0 55287.0 85450.0 15946.0 4102.0
54.0 6054.0 1144.0 287.0 922901.0 232062.0 1027011.0 13951.0 4189.0 55030.0 72690.0 7659.0 3866.0 2317.0 877.0
30.0 8005.0 409.0 26.0 716897.0 189856.0 4472033.0 3407.0 3262.0 88120.0 31857.0 586.0 1954.0 59.0 8.0
72.0 14947.0 2348.0 208.0 1283998.0 863022.0 7579479.0 47170.0 11694.0 140002.0 163707.0 10585.0 5560.0 1680.0 205.0
22.0 2746.0 219.0 12.0 350706.0 53551.0 649428.0 1318.0 579.0 30110.0 2533.0 209.0 212.0 8.0 5.0
2.0 3771.0 0.0 1.0 180537.0 0.0 3576586.0 0.0 0.0 21795.0 3357.0 0.0 207.0 0.0 0.0
23.0 1865.0 244.0 9.0 330510.0 37347.0 134290.0 1592.0 668.0 11562.0 2051.0 169.0 148.0 10.0 0.0
5.0 2063.0 10.0 0.0 141205.0 8136.0 1588837.0 10.0 58.0 14611.0 0.0 0.0 0.0 0.0 0.0
3.0 2720.0 3.0 0.0 170637.0 5208.0 2859768.0 1.0 116.0 27501.0 0.0 0.0 0.0 0.0 0.0
13.0 4441.0 68.0 10.0 402737.0 44970.0 2962957.0 186.0 1205.0 46659.0 5170.0 90.0 371.0 10.0 0.0
11.0 830.0 52.0 3.0 119263.0 6935.0 61534.0 141.0 209.0 3343.0 693.0 21.0 127.0 3.0 0.0
59.0 7148.0 1613.0 98.0 798071.0 343556.0 3151307.0 27566.0 3034.0 39060.0 62382.0 4351.0 1289.0 541.0 51.0
104.0 15323.0 5018.0 338.0 1982776.0 1312741.0 3853875.0 151554.0 21024.0 149975.0 201850.0 26970.0 10815.0 3234.0 346.0
88.0 20409.0 3452.0 376.0 2129088.0 1408340.0 6063308.0 81664.0 32779.0 203298.0 267543.0 24278.0 17071.0 3324.0 470.0
39.0 3303.0 581.0 160.0 315070.0 110259.0 2223645.0 5062.0 448.0 14215.0 14071.0 2691.0 144.0 929.0 457.0
1.0 1784.0 0.0 0.0 98650.0 0.0 1576896.0 0.0 0.0 13540.0 0.0 0.0 0.0 0.0 0.0
59.0 12603.0 1472.0 239.0 1962716.0 534180.0 3487258.0 21230.0 23164.0 117678.0 123544.0 9368.0 13461.0 1478.0 433.0
7.0 1175.0 20.0 1.0 111445.0 6847.0 329598.0 30.0 57.0 4380.0 83.0 5.0 3.0 0.0 0.0
18.0 1888.0 132.0 21.0 251293.0 28450.0 402878.0 558.0 374.0 16455.0 2744.0 184.0 77.0 70.0 4.0
5.0 2549.0 7.0 3.0 205327.0 5180.0 1462378.0 4.0 28.0 26209.0 4522.0 3.0 219.0 3.0 0.0
6.0 1150.0 14.0 1.0 106868.0 4810.0 325828.0 16.0 45.0 4178.0 842.0 4.0 4.0 0.0 0.0
3.0 317.0 3.0 0.0 49358.0 618.0 16685.0 1.0 8.0 1297.0 0.0 0.0 0.0 0.0 0.0
11.0 1079.0 53.0 2.0 149854.0 10229.0 114678.0 148.0 111.0 4628.0 319.0 16.0 10.0 1.0 0.0
6.0 2541.0 7.0 8.0 271190.0 6290.0 845036.0 3.0 216.0 19451.0 5267.0 6.0 358.0 7.0 4.0
28.0 11913.0 291.0 87.0 1124497.0 203094.0 6362821.0 1541.0 5641.0 116631.0 94483.0 1292.0 6396.0 359.0 84.0
24.0 4232.0 229.0 47.0 611934.0 78512.0 674862.0 1178.0 1839.0 58772.0 12860.0 684.0 1143.0 136.0 26.0
6.0 234.0 13.0 2.0 53552.0 945.0 4459.0 13.0 16.0 345.0 175.0 6.0 9.0 1.0 0.0
3.0 1148.0 3.0 0.0 100691.0 2266.0 416903.0 1.0 15.0 8643.0 0.0 0.0 0.0 0.0 0.0
19.0 1046.0 154.0 17.0 203285.0 16892.0 53780.0 725.0 215.0 3575.0 1424.0 208.0 41.0 27.0 9.0
483.0 63045.0 108994.0 7409.0 7889486.0 24869821.0 12914969.0 15596822.0 655412.0 442072.0 3730137.0 2623070.0 238454.0 389508.0 53881.0
27.0 12236.0 279.0 72.0 1017424.0 208290.0 7537319.0 1536.0 5334.0 113361.0 87678.0 1044.0 5750.0 279.0 66.0
2.0 2313.0 1.0 0.0 115242.0 2271.0 2212813.0 0.0 21.0 11829.0 0.0 0.0 0.0 0.0 0.0
40.0 6657.0 690.0 90.0 719662.0 207629.0 3153143.0 6954.0 2448.0 44156.0 44472.0 2485.0 1313.0 388.0 53.0
60.0 10148.0 1539.0 231.0 1516105.0 454683.0 1744401.0 23284.0 13881.0 124761.0 100003.0 8806.0 8142.0 1798.0 332.0
35.0 6038.0 558.0 37.0 692050.0 173673.0 1913157.0 5451.0 2170.0 48844.0 25133.0 980.0 1073.0 101.0 13.0
11.0 1033.0 54.0 1.0 162210.0 9940.0 84107.0 156.0 111.0 5092.0 164.0 9.0 2.0 0.0 0.0
7.0 288.0 21.0 0.0 26533.0 1720.0 8636.0 35.0 4.0 222.0 0.0 0.0 0.0 0.0 0.0
11.0 5578.0 47.0 8.0 398721.0 33023.0 4667619.0 109.0 1200.0 51367.0 18413.0 42.0 972.0 12.0 2.0
26.0 4923.0 295.0 30.0 712575.0 91754.0 1292576.0 1988.0 1993.0 71671.0 21027.0 529.0 3154.0 58.0 25.0
54.0 17665.0 1132.0 299.0 1759484.0 578141.0 8459634.0 13176.0 19134.0 229336.0 278854.0 8443.0 20491.0 2450.0 735.0
65.0 6846.0 1973.0 107.0 1296017.0 382056.0 571425.0 37579.0 8726.0 95280.0 26098.0 5631.0 6269.0 300.0 170.0
124.0 36639.0 5731.0 1895.0 3744754.0 2814616.0 12249510.0 142989.0 126365.0 373212.0 1259899.0 113679.0 89676.0 42857.0 10599.0
52.0 11156.0 1231.0 95.0 1058827.0 488870.0 5235615.0 17798.0 7587.0 96532.0 60530.0 3884.0 2191.0 388.0 30.0
58.0 19673.0 1427.0 226.0 2059805.0 830104.0 6557208.0 20378.0 32691.0 217485.0 194163.0 8573.0 15856.0 1632.0 273.0
57.0 11870.0 1501.0 95.0 1334004.0 520606.0 5707296.0 24730.0 9292.0 139603.0 115728.0 3891.0 4901.0 583.0 56.0
63.0 8340.0 1328.0 625.0 1000804.0 355695.0 3079120.0 15045.0 5385.0 57233.0 141681.0 15627.0 4467.0 4619.0 4420.0
10.0 4196.0 42.0 3.0 263198.0 30442.0 2988754.0 98.0 235.0 27672.0 6330.0 20.0 261.0 2.0 0.0
5.0 1775.0 5.0 5.0 209471.0 2016.0 614185.0 1.0 23.0 29415.0 3958.0 5.0 540.0 2.0 2.0
8.0 1056.0 22.0 6.0 142208.0 5639.0 95106.0 26.0 66.0 4519.0 1467.0 25.0 77.0 4.0 1.0
33.0 5733.0 507.0 21.0 617725.0 161986.0 2053733.0 4850.0 2081.0 69548.0 15646.0 564.0 831.0 39.0 3.0
89.0 17951.0 3668.0 248.0 2010011.0 1349483.0 4147289.0 93993.0 24641.0 172720.0 158827.0 17764.0 11048.0 1609.0 198.0
16.0 8251.0 103.0 17.0 572034.0 93467.0 5620313.0 355.0 2127.0 74236.0 23228.0 175.0 1408.0 27.0 3.0
43.0 9754.0 768.0 135.0 1114019.0 296440.0 4183465.0 7971.0 8185.0 110899.0 84706.0 3401.0 6076.0 773.0 196.0
19.0 1915.0 115.0 56.0 184886.0 29146.0 556181.0 342.0 276.0 8843.0 4250.0 400.0 261.0 129.0 98.0
3.0 761.0 3.0 0.0 83572.0 1484.0 140344.0 1.0 19.0 4578.0 0.0 0.0 0.0 0.0 0.0
8.0 1213.0 25.0 3.0 200586.0 7021.0 95129.0 39.0 215.0 6473.0 924.0 16.0 58.0 1.0 0.0
280.0 60337.0 34476.0 4584.0 5089773.0 12479192.0 18976049.0 2612826.0 520924.0 462076.0 2978177.0 763159.0 167403.0 219532.0 24043.0
85.0 10831.0 3366.0 204.0 1433277.0 763671.0 3445853.0 83643.0 9931.0 77590.0 119619.0 13474.0 3326.0 1501.0 152.0
44.0 13517.0 735.0 211.0 1289438.0 376452.0 7465664.0 6564.0 15396.0 170262.0 152031.0 4851.0 10978.0 1476.0 353.0
15.0 3098.0 100.0 5.0 328578.0 35393.0 1296407.0 396.0 228.0 54995.0 6293.0 54.0 615.0 4.0 1.0
20.0 1775.0 180.0 10.0 243653.0 30665.0 121104.0 973.0 371.0 6550.0 2054.0 156.0 132.0 9.0 2.0
46.0 12214.0 967.0 68.0 1048546.0 462958.0 5147330.0 12452.0 8330.0 104067.0 64358.0 2477.0 2827.0 238.0 13.0
31.0 4616.0 454.0 11.0 540027.0 124818.0 1235002.0 4192.0 1339.0 62073.0 6876.0 291.0 2054.0 8.0 4.0
45.0 11121.0 884.0 106.0 1073221.0 357241.0 6325263.0 10338.0 6719.0 95186.0 111533.0 3208.0 3556.0 582.0 62.0
65.0 13947.0 1610.0 470.0 1929439.0 561792.0 4235373.0 21853.0 18126.0 166130.0 256190.0 16125.0 19187.0 3621.0 2081.0
8.0 778.0 28.0 0.0 128180.0 5348.0 54933.0 56.0 49.0 10202.0 0.0 0.0 0.0 0.0 0.0
29.0 5725.0 373.0 33.0 671689.0 128205.0 2186185.0 2871.0 2192.0 52961.0 25143.0 687.0 1284.0 84.0 12.0
4.0 812.0 5.0 1.0 53193.0 1631.0 295716.0 2.0 6.0 2181.0 787.0 2.0 3.0 0.0 0.0
27.0 4349.0 339.0 12.0 456363.0 98142.0 1812639.0 2646.0 1164.0 25218.0 12052.0 259.0 276.0 19.0 1.0
31.0 4534.0 399.0 66.0 706033.0 110044.0 810150.0 2889.0 2078.0 56298.0 19154.0 1365.0 1333.0 174.0 67.0
4.0 2127.0 6.0 0.0 153136.0 6277.0 1865116.0 4.0 52.0 35876.0 0.0 0.0 0.0 0.0 0.0
1.0 202.0 0.0 0.0 28627.0 0.0 19401.0 0.0 0.0 900.0 0.0 0.0 0.0 0.0 0.0
87.0 11546.0 3390.0 351.0 1661040.0 764404.0 3553197.0 81123.0 14539.0 104495.0 186328.0 20495.0 6573.0 3791.0 586.0
3.0 605.0 3.0 0.0 60705.0 1184.0 106891.0 1.0 13.0 3540.0 0.0 0.0 0.0 0.0 0.0
3.0 1200.0 2.0 1.0 120392.0 1216.0 324355.0 0.0 24.0 9126.0 1070.0 1.0 33.0 0.0 0.0
7.0 4098.0 20.0 1.0 295322.0 21325.0 2712941.0 30.0 882.0 48560.0 1435.0 5.0 32.0 0.0 0.0
8.0 925.0 25.0 3.0 112131.0 5588.0 77980.0 40.0 49.0 2161.0 769.0 14.0 10.0 2.0 0.0
52.0 15280.0 1062.0 264.0 1922142.0 548447.0 2869135.0 11771.0 22258.0 153440.0 153683.0 7920.0 16317.0 1947.0 462.0
6.0 1450.0 11.0 4.0 187364.0 4484.0 243634.0 8.0 198.0 11547.0 2056.0 8.0 157.0 4.0 0.0
34.0 2567.0 524.0 37.0 402691.0 74661.0 213322.0 4997.0 1489.0 13508.0 6304.0 804.0 384.0 169.0 14.0
9.0 4602.0 29.0 7.0 346908.0 21173.0 3691192.0 46.0 195.0 50724.0 13675.0 29.0 789.0 7.0 2.0
51.0 13975.0 1000.0 275.0 1694705.0 479540.0 4126877.0 10342.0 14625.0 126376.0 163782.0 8017.0 13089.0 1940.0 526.0
6.0 1846.0 14.0 1.0 171605.0 7500.0 825467.0 16.0 25.0 30891.0 1078.0 4.0 301.0 0.0 0.0
16.0 2503.0 111.0 9.0 207932.0 34496.0 1452227.0 441.0 163.0 14215.0 2617.0 113.0 53.0 5.0 1.0
3.0 2167.0 2.0 1.0 102256.0 2201.0 2190388.0 0.0 15.0 11391.0 2101.0 1.0 1.0 0.0 0.0
7.0 4336.0 20.0 1.0 310055.0 21993.0 3380032.0 30.0 745.0 38739.0 2407.0 5.0 63.0 0.0 0.0
32.0 9177.0 402.0 94.0 952828.0 205122.0 4380185.0 2800.0 5889.0 69839.0 60703.0 1626.0 3442.0 408.0 126.0
9.0 1068.0 30.0 6.0 167629.0 6505.0 125289.0 48.0 163.0 12289.0 1667.0 30.0 23.0 6.0 0.0
13.0 582.0 72.0 6.0 130422.0 5769.0 16901.0 235.0 135.0 1715.0 845.0 36.0 50.0 15.0 0.0
64.0 20249.0 1789.0 227.0 1935910.0 955792.0 9472380.0 29777.0 27115.0 205627.0 238657.0 9919.0 13504.0 1749.0 219.0
22.0 3394.0 209.0 22.0 370693.0 60402.0 464702.0 1152.0 766.0 20857.0 8168.0 341.0 586.0 42.0 5.0
4.0 2485.0 6.0 0.0 141529.0 7303.0 2226121.0 4.0 76.0 12930.0 0.0 0.0 0.0 0.0 0.0
22.0 1364.0 215.0 16.0 222515.0 25549.0 103162.0 1249.0 211.0 6473.0 2585.0 263.0 44.0 27.0 1.0
11.0 4093.0 52.0 3.0 307562.0 34493.0 3264583.0 139.0 748.0 48283.0 4869.0 25.0 36.0 1.0 0.0
4.0 2528.0 5.0 1.0 210715.0 5121.0 1937025.0 2.0 60.0 41886.0 2083.0 2.0 130.0 0.0 0.0
92.0 13817.0 4039.0 147.0 1501216.0 1098473.0 5465793.0 113155.0 16162.0 121067.0 118132.0 11667.0 4209.0 711.0 47.0
96.0 10780.0 4158.0 402.0 1188707.0 872464.0 3581139.0 110694.0 9148.0 61965.0 127936.0 27309.0 2702.0 4152.0 725.0
96.0 7577.0 4471.0 89.0 1032303.0 665718.0 2565986.0 134898.0 6484.0 36525.0 38905.0 7646.0 1112.0 288.0 48.0
15.0 7152.0 91.0 14.0 513307.0 71803.0 4804026.0 306.0 1486.0 71581.0 22277.0 120.0 1538.0 25.0 4.0
27.0 1295.0 327.0 24.0 245126.0 28809.0 52706.0 2373.0 692.0 8076.0 2889.0 509.0 294.0 38.0 5.0
16.0 2376.0 96.0 24.0 364028.0 27517.0 291816.0 311.0 548.0 15939.0 5933.0 183.0 547.0 45.0 21.0
74.0 11134.0 2549.0 152.0 1658878.0 688466.0 1825103.0 55146.0 14308.0 122376.0 84084.0 8524.0 5808.0 1042.0 112.0
7.0 219.0 17.0 4.0 28861.0 1185.0 8472.0 19.0 4.0 176.0 89.0 13.0 16.0 2.0 1.0
26.0 9114.0 261.0 64.0 905615.0 151108.0 4986694.0 1444.0 3538.0 98133.0 62110.0 833.0 3778.0 266.0 57.0
5.0 4009.0 10.0 0.0 263654.0 13768.0 2532596.0 10.0 1134.0 26100.0 0.0 0.0 0.0 0.0 0.0
2.0 573.0 1.0 0.0 60518.0 545.0 113414.0 0.0 14.0 2792.0 0.0 0.0 0.0 0.0 0.0
105.0 6247.0 3770.0 1690.0 1159355.0 487275.0 512238.0 78149.0 6372.0 33178.0 142453.0 64789.0 3608.0 24285.0 20237.0
10.0 1532.0 44.0 1.0 192110.0 12943.0 363028.0 112.0 343.0 14195.0 151.0 8.0 4.0 0.0 0.0
179.0 33451.0 14843.0 1088.0 3607090.0 4565601.0 11672028.0 778226.0 272647.0 342640.0 747543.0 133140.0 47920.0 26253.0 2310.0
60.0 8036.0 1713.0 57.0 1034691.0 413072.0 2325035.0 31170.0 5086.0 72397.0 47002.0 2809.0 1939.0 226.0 15.0
2.0 263.0 1.0 0.0 18922.0 263.0 29350.0 0.0 0.0 921.0 0.0 0.0 0.0 0.0 0.0
61.0 16029.0 1538.0 292.0 1679340.0 675236.0 7116571.0 22242.0 21101.0 183967.0 217326.0 10749.0 13488.0 2518.0 481.0
39.0 5364.0 693.0 48.0 551670.0 174223.0 2884424.0 7554.0 2309.0 47753.0 22951.0 1423.0 1020.0 133.0 29.0
44.0 7724.0 844.0 102.0 748269.0 272104.0 4172599.0 9673.0 4023.0 69875.0 48322.0 2988.0 1830.0 453.0 130.0
172.0 23774.0 12969.0 1737.0 4494287.0 3046643.0 3117299.0 592992.0 149238.0 284836.0 510259.0 202295.0 104988.0 21164.0 16889.0
2.0 293.0 0.0 1.0 31855.0 0.0 20744.0 0.0 0.0 1078.0 207.0 0.0 43.0 0.0 0.0
61.0 13783.0 1609.0 221.0 1365454.0 670196.0 6427914.0 25067.0 10336.0 118179.0 116174.0 9392.0 9969.0 946.0 585.0
172.0 35680.0 12364.0 2342.0 4281087.0 4254517.0 9470430.0 521058.0 132808.0 349636.0 1408023.0 238495.0 86562.0 61716.0 12071.0
8.0 632.0 15.0 13.0 83155.0 2269.0 96638.0 13.0 14.0 4518.0 2085.0 17.0 21.0 17.0 9.0
6.0 3995.0 13.0 2.0 333964.0 17031.0 2905647.0 13.0 834.0 40610.0 1220.0 6.0 28.0 1.0 0.0
6.0 2243.0 15.0 0.0 208615.0 10401.0 781568.0 20.0 407.0 12237.0 0.0 0.0 0.0 0.0 0.0
85.0 15673.0 3299.0 271.0 1871001.0 1085027.0 3534970.0 79009.0 20104.0 137973.0 170531.0 17335.0 10383.0 2120.0 306.0
30.0 9591.0 397.0 38.0 932635.0 208568.0 4366640.0 3167.0 5271.0 133507.0 49267.0 741.0 4881.0 133.0 19.0
16.0 2749.0 99.0 21.0 463268.0 31736.0 432534.0 314.0 871.0 24654.0 6405.0 204.0 676.0 36.0 6.0
8.0 1814.0 22.0 6.0 130817.0 9500.0 818624.0 29.0 90.0 14272.0 2986.0 20.0 16.0 5.0 2.0
88.0 15613.0 3088.0 740.0 1849617.0 912511.0 5953480.0 62519.0 26464.0 181363.0 343502.0 33583.0 24695.0 10845.0 2789.0
155.0 25189.0 9667.0 2268.0 3174188.0 2465800.0 7415323.0 349337.0 75635.0 303268.0 1088532.0 188318.0 86752.0 54404.0 16626.0
41.0 8237.0 644.0 176.0 749765.0 249457.0 4799725.0 5744.0 2760.0 61756.0 69417.0 3445.0 2543.0 994.0 477.0
17.0 3601.0 122.0 14.0 350385.0 49802.0 2056097.0 505.0 785.0 47110.0 5682.0 142.0 281.0 31.0 2.0
33.0 5961.0 503.0 25.0 605512.0 168715.0 2819208.0 4721.0 2031.0 49779.0 16571.0 699.0 702.0 32.0 4.0
2.0 1798.0 1.0 0.0 104385.0 1748.0 1396560.0 0.0 25.0 11367.0 0.0 0.0 0.0 0.0 0.0
6.0 3599.0 15.0 0.0 247388.0 17157.0 2509192.0 20.0 419.0 21866.0 0.0 0.0 0.0 0.0 0.0
16.0 2679.0 118.0 2.0 173325.0 35724.0 2209697.0 533.0 122.0 12538.0 4207.0 26.0 5.0 1.0 0.0
24.0 13780.0 224.0 52.0 1098280.0 221113.0 7981861.0 1136.0 10966.0 141742.0 66207.0 662.0 3844.0 196.0 30.0
45.0 7003.0 973.0 17.0 585499.0 280888.0 4165713.0 13500.0 1927.0 47416.0 22282.0 651.0 554.0 37.0 2.0
108.0 19903.0 4830.0 948.0 2875357.0 1523000.0 5125298.0 124692.0 50047.0 205933.0 451993.0 61271.0 27267.0 15362.0 2831.0
9.0 1397.0 32.0 4.0 217274.0 8526.0 181769.0 60.0 152.0 11987.0 2044.0 20.0 151.0 4.0 0.0
113.0 20818.0 5970.0 358.0 2165820.0 1966584.0 7438896.0 198654.0 32418.0 191617.0 273996.0 31546.0 13100.0 3616.0 320.0
8.0 307.0 28.0 0.0 44785.0 1897.0 12684.0 56.0 126.0 1715.0 0.0 0.0 0.0 0.0 0.0
2.0 65.0 1.0 0.0 15653.0 65.0 1106.0 0.0 0.0 158.0 0.0 0.0 0.0 0.0 0.0
19.0 2768.0 155.0 16.0 367657.0 44994.0 541805.0 731.0 606.0 30108.0 3184.0 208.0 217.0 26.0 4.0
14.0 1139.0 87.0 4.0 137074.0 14010.0 63778.0 318.0 125.0 4238.0 431.0 44.0 58.0 2.0 0.0
10.0 1594.0 40.0 5.0 253259.0 12142.0 192841.0 81.0 281.0 12620.0 1532.0 38.0 55.0 1.0 0.0
16.0 957.0 117.0 3.0 172200.0 12938.0 71481.0 520.0 132.0 11651.0 1075.0 38.0 39.0 2.0 0.0
1.0 63.0 0.0 0.0 17429.0 0.0 1641.0 0.0 0.0 312.0 0.0 0.0 0.0 0.0 0.0
2.0 1346.0 0.0 1.0 132047.0 0.0 572796.0 0.0 0.0 17844.0 1128.0 0.0 109.0 0.0 0.0
38.0 10164.0 673.0 30.0 758990.0 315491.0 6893727.0 7458.0 5960.0 98337.0 46053.0 880.0 1302.0 94.0 4.0
78.0 18871.0 2521.0 482.0 2233984.0 1052875.0 4746410.0 46854.0 30738.0 184520.0 290998.0 23122.0 23859.0 4790.0 1310.0
20.0 2679.0 166.0 24.0 303536.0 34730.0 798736.0 798.0 885.0 17355.0 12991.0 265.0 705.0 64.0 13.0
47.0 7579.0 1004.0 77.0 871462.0 289044.0 2519694.0 13158.0 3217.0 54916.0 49568.0 2694.0 1794.0 318.0 45.0
1.0 2099.0 0.0 0.0 93572.0 0.0 2190610.0 0.0 0.0 11241.0 0.0 0.0 0.0 0.0 0.0
5.0 678.0 9.0 1.0 79679.0 2111.0 54952.0 7.0 142.0 3138.0 219.0 3.0 49.0 0.0 0.0
26.0 5766.0 316.0 9.0 423731.0 122089.0 3790646.0 2404.0 1146.0 53541.0 18141.0 178.0 814.0 16.0 2.0
2.0 4.0 0.0 1.0 972.0 0.0 3.0 0.0 0.0 0.0 2.0 0.0 1.0 0.0 0.0
48.0 13728.0 1032.0 96.0 1308186.0 498100.0 6949677.0 13476.0 10376.0 131587.0 115196.0 3288.0 5584.0 468.0 64.0
68.0 6761.0 2171.0 107.0 932761.0 391352.0 1257545.0 43684.0 4462.0 38817.0 49193.0 5871.0 1759.0 492.0 69.0
67.0 9339.0 2161.0 50.0 922485.0 542507.0 4182218.0 44883.0 7020.0 62578.0 56739.0 2809.0 1544.0 198.0 15.0
31.0 8436.0 438.0 27.0 765230.0 210581.0 5105594.0 3781.0 3254.0 74542.0 33285.0 650.0 1353.0 59.0 5.0
13.0 4730.0 76.0 2.0 259351.0 50333.0 3662859.0 265.0 465.0 23008.0 5065.0 20.0 216.0 1.0 0.0
32.0 12457.0 432.0 64.0 1118743.0 285270.0 6502024.0 3378.0 7380.0 147824.0 74971.0 1287.0 5583.0 252.0 43.0
9.0 1008.0 28.0 8.0 182199.0 4934.0 115506.0 43.0 81.0 7374.0 2554.0 29.0 207.0 9.0 3.0
234.0 48893.0 20316.0 6945.0 4956407.0 7129716.0 15426888.0 990271.0 208199.0 386464.0 3442411.0 756436.0 201772.0 229627.0 131850.0
11.0 568.0 55.0 0.0 94137.0 5552.0 24427.0 165.0 64.0 2490.0 0.0 0.0 0.0 0.0 0.0
14.0 2777.0 88.0 3.0 177236.0 31756.0 1630492.0 330.0 252.0 14830.0 3781.0 32.0 30.0 2.0 0.0
23.0 2115.0 249.0 4.0 262793.0 43682.0 210796.0 1688.0 914.0 9288.0 976.0 82.0 22.0 1.0 0.0
3.0 433.0 3.0 0.0 28630.0 854.0 54099.0 1.0 6.0 441.0 0.0 0.0 0.0 0.0 0.0
78.0 9097.0 2846.0 157.0 1149714.0 619057.0 1386662.0 64982.0 9631.0 52774.0 56208.0 10352.0 2971.0 646.0 96.0
6.0 3296.0 13.0 2.0 234475.0 11466.0 2169128.0 13.0 155.0 22597.0 4350.0 6.0 177.0 1.0 0.0
16.0 2665.0 107.0 13.0 403579.0 31939.0 403448.0 394.0 742.0 23681.0 5936.0 151.0 308.0 14.0 1.0
4.0 441.0 6.0 0.0 45176.0 1317.0 50830.0 4.0 3.0 2124.0 0.0 0.0 0.0 0.0 0.0
2.0 2618.0 1.0 0.0 140977.0 2298.0 2321913.0 0.0 160.0 14359.0 0.0 0.0 0.0 0.0 0.0
4.0 719.0 6.0 0.0 69316.0 1989.0 96272.0 4.0 84.0 1927.0 0.0 0.0 0.0 0.0 0.0
11.0 1502.0 54.0 1.0 219101.0 13849.0 298304.0 156.0 210.0 16541.0 747.0 9.0 2.0 0.0 0.0
23.0 1457.0 206.0 47.0 287288.0 25292.0 55408.0 1008.0 309.0 4527.0 4026.0 643.0 1059.0 16.0 104.0
23.0 8421.0 198.0 55.0 677010.0 126273.0 5888845.0 882.0 2542.0 75587.0 48093.0 668.0 2906.0 176.0 45.0
63.0 8856.0 1672.0 281.0 1306910.0 380303.0 2210024.0 26100.0 6716.0 107637.0 139381.0 10769.0 7978.0 2154.0 688.0
64.0 5778.0 1605.0 411.0 842870.0 299953.0 659122.0 23059.0 3320.0 50040.0 52409.0 14760.0 2506.0 813.0 3032.0
140.0 26363.0 8055.0 1675.0 3253225.0 2568341.0 8253145.0 268038.0 66387.0 281375.0 854884.0 137150.0 54229.0 33176.0 9216.0
92.0 18826.0 3882.0 304.0 1919689.0 1196698.0 6905023.0 106285.0 124709.0 167470.0 240090.0 11554.0 13480.0 7417.0 324.0
22.0 4502.0 211.0 20.0 437709.0 75708.0 2579140.0 1199.0 901.0 24881.0 15844.0 293.0 594.0 37.0 11.0
49.0 9685.0 886.0 290.0 952010.0 365615.0 5069306.0 8779.0 4548.0 73073.0 85347.0 7091.0 2411.0 1123.0 1431.0
2.0 5.0 1.0 0.0 705.0 5.0 6.0 0.0 0.0 0.0 0.0 0.0 0.0 0.0 0.0
36.0 8792.0 548.0 82.0 1054537.0 224056.0 3035057.0 5166.0 17814.0 86788.0 43282.0 1182.0 2377.0 770.0 22.0
114.0 19601.0 6077.0 364.0 2143191.0 1859641.0 8036125.0 203559.0 29211.0 191190.0 272932.0 33379.0 11959.0 3189.0 337.0
52.0 9385.0 1174.0 152.0 1026460.0 382417.0 3904824.0 15561.0 8380.0 109087.0 71602.0 5583.0 3928.0 851.0 105.0
35.0 9866.0 503.0 92.0 899188.0 238383.0 5718101.0 4152.0 5600.0 105890.0 77887.0 1835.0 3987.0 473.0 85.0
4.0 639.0 6.0 0.0 68055.0 1891.0 65692.0 4.0 13.0 2446.0 0.0 0.0 0.0 0.0 0.0
14.0 1688.0 83.0 8.0 306371.0 17842.0 196473.0 278.0 438.0 15646.0 2854.0 76.0 186.0 10.0 0.0
70.0 14768.0 2160.0 255.0 1667989.0 759744.0 7608473.0 40176.0 21481.0 169580.0 194270.0 12099.0 11008.0 2154.0 311.0
1.0 13.0 0.0 0.0 536.0 0.0 71.0 0.0 0.0 7.0 0.0 0.0 0.0 0.0 0.0
10.0 5048.0 37.0 8.0 423109.0 30734.0 2989980.0 67.0 698.0 39559.0 12042.0 43.0 630.0 9.0 1.0
14.0 1186.0 87.0 4.0 193426.0 13986.0 97657.0 318.0 159.0 7764.0 1070.0 44.0 22.0 2.0 0.0
8.0 2639.0 25.0 3.0 231219.0 15429.0 1642687.0 39.0 164.0 23337.0 2588.0 16.0 64.0 1.0 0.0
52.0 5303.0 1273.0 53.0 622295.0 248830.0 763490.0 19650.0 4015.0 31657.0 12499.0 2260.0 547.0 180.0 10.0
11.0 3781.0 45.0 10.0 321195.0 24028.0 2170054.0 91.0 372.0 28447.0 11972.0 61.0 533.0 10.0 3.0
5.0 2380.0 10.0 0.0 238001.0 8982.0 802383.0 10.0 269.0 18894.0 0.0 0.0 0.0 0.0 0.0
230.0 49487.0 23090.0 3245.0 4783229.0 8287482.0 15921153.0 1425665.0 425403.0 444420.0 1920119.0 426029.0 137058.0 135467.0 14299.0
24.0 3225.0 260.0 16.0 471088.0 66359.0 349381.0 1690.0 1350.0 21189.0 4702.0 318.0 207.0 14.0 2.0
45.0 12841.0 852.0 138.0 1043706.0 464327.0 8161923.0 9368.0 7890.0 106730.0 79925.0 3876.0 2486.0 780.0 166.0
132.0 10476.0 8499.0 147.0 2046963.0 1272819.0 883941.0 356353.0 22334.0 93309.0 47053.0 17581.0 3908.0 649.0 77.0
1.0 356.0 0.0 0.0 58269.0 0.0 58825.0 0.0 0.0 4365.0 0.0 0.0 0.0 0.0 0.0
261.0 34278.0 29834.0 4096.0 4252119.0 7314636.0 9538067.0 2034692.0 117999.0 250938.0 1275202.0 758599.0 43222.0 105732.0 30267.0
10.0 1988.0 33.0 12.0 232963.0 12243.0 391889.0 46.0 246.0 18023.0 4569.0 58.0 294.0 10.0 6.0
15.0 2887.0 102.0 3.0 358184.0 37385.0 507589.0 417.0 943.0 23556.0 1029.0 37.0 59.0 1.0 0.0
72.0 21176.0 1329.0 1227.0 2607500.0 626599.0 7643973.0 11992.0 37645.0 300450.0 647475.0 21521.0 77066.0 14012.0 12115.0
11.0 3171.0 43.0 12.0 367159.0 20351.0 938198.0 87.0 297.0 40910.0 9255.0 52.0 755.0 22.0 4.0
7.0 2248.0 19.0 2.0 200310.0 10732.0 966881.0 26.0 89.0 19984.0 2382.0 8.0 98.0 1.0 0.0
667.0 67926.0 215409.0 6702.0 7667204.0 39842782.0 12848640.0 45145838.0 549349.0 491787.0 3908502.0 3748303.0 194367.0 312865.0 27599.0
11.0 1302.0 53.0 2.0 181386.0 12173.0 144534.0 147.0 174.0 8934.0 467.0 18.0 16.0 0.0 0.0
1.0 13.0 0.0 0.0 1160.0 0.0 78.0 0.0 0.0 0.0 0.0 0.0 0.0 0.0 0.0
39.0 5236.0 706.0 35.0 554244.0 186979.0 1405393.0 7947.0 2642.0 30248.0 6289.0 1106.0 208.0 69.0 17.0
19.0 5338.0 158.0 13.0 489869.0 81174.0 1444488.0 762.0 3114.0 33131.0 7856.0 194.0 413.0 12.0 1.0
49.0 10095.0 1063.0 113.0 978153.0 394341.0 4852161.0 13983.0 6575.0 76405.0 73245.0 3631.0 1912.0 750.0 60.0
16.0 4840.0 93.0 27.0 722890.0 41875.0 1994341.0 272.0 2827.0 58241.0 20631.0 210.0 2220.0 66.0 12.0
16.0 2258.0 104.0 16.0 313896.0 27129.0 280738.0 370.0 623.0 15421.0 4973.0 160.0 261.0 26.0 4.0
553.0 71023.0 145728.0 6900.0 9368499.0 32933937.0 13050006.0 24678244.0 947015.0 495743.0 3915143.0 2943431.0 230793.0 374534.0 36467.0
18.0 4408.0 119.0 34.0 461827.0 47900.0 1276410.0 401.0 1083.0 37835.0 21774.0 313.0 1548.0 75.0 27.0
11.0 7841.0 50.0 5.0 558900.0 61983.0 6286138.0 125.0 2032.0 73765.0 10189.0 35.0 1087.0 5.0 0.0
80.0 20526.0 2606.0 554.0 2212595.0 1112648.0 7239146.0 48139.0 33916.0 265324.0 376530.0 26435.0 32272.0 5981.0 1605.0
46.0 17233.0 774.0 261.0 1947962.0 455392.0 4655296.0 7059.0 37714.0 247697.0 186273.0 5419.0 29196.0 2041.0 661.0
58.0 13711.0 1435.0 218.0 1432926.0 616698.0 5696332.0 20595.0 12238.0 106236.0 128631.0 8571.0 5861.0 1433.0 257.0
2.0 2390.0 1.0 0.0 118803.0 2388.0 2824264.0 0.0 1.0 25815.0 0.0 0.0 0.0 0.0 0.0
30.0 7531.0 380.0 55.0 685718.0 168583.0 4267237.0 2802.0 2881.0 61893.0 39144.0 1040.0 2455.0 154.0 64.0
1.0 112.0 0.0 0.0 8839.0 0.0 5946.0 0.0 0.0 270.0 0.0 0.0 0.0 0.0 0.0
27.0 7078.0 320.0 31.0 682765.0 145363.0 3418737.0 2251.0 3171.0 83596.0 29289.0 576.0 1517.0 95.0 3.0
101.0 33884.0 3907.0 1143.0 3335798.0 2141261.0 13780901.0 84124.0 84676.0 349434.0 936477.0 57918.0 70655.0 18585.0 6023.0
105.0 14441.0 4306.0 1154.0 1985002.0 1186916.0 2775970.0 99478.0 21506.0 114974.0 234686.0 68202.0 18625.0 8680.0 11100.0
15.0 2849.0 103.0 2.0 241181.0 37023.0 1657601.0 429.0 258.0 16980.0 2277.0 26.0 35.0 0.0 0.0
103.0 27099.0 4882.0 371.0 2596916.0 2245191.0 10438595.0 144028.0 58828.0 279631.0 353509.0 28658.0 23871.0 3682.0 483.0
16.0 2089.0 108.0 12.0 318231.0 25756.0 221721.0 420.0 528.0 14526.0 3911.0 115.0 306.0 22.0 3.0
3.0 116.0 3.0 0.0 16666.0 230.0 3534.0 1.0 1.0 125.0 0.0 0.0 0.0 0.0 0.0
6.0 528.0 15.0 0.0 102435.0 2594.0 67711.0 20.0 23.0 8048.0 0.0 0.0 0.0 0.0 0.0
29.0 3338.0 384.0 22.0 428363.0 82208.0 575173.0 3167.0 1819.0 18349.0 7482.0 381.0 68.0 105.0 1.0
26.0 2302.0 316.0 9.0 311150.0 53669.0 421688.0 2389.0 547.0 20592.0 2553.0 207.0 117.0 3.0 1.0
30.0 7393.0 381.0 54.0 781787.0 167063.0 3440030.0 2750.0 3570.0 66166.0 37614.0 1126.0 1290.0 166.0 18.0
19.0 4393.0 161.0 10.0 447461.0 72082.0 1768845.0 811.0 1085.0 27498.0 4608.0 146.0 107.0 12.0 0.0
5.0 546.0 1.0 9.0 74688.0 431.0 92684.0 0.0 0.0 4415.0 1707.0 0.0 23.0 3.0 7.0
2.0 244.0 1.0 0.0 25637.0 244.0 26457.0 0.0 0.0 849.0 0.0 0.0 0.0 0.0 0.0
16.0 1320.0 113.0 7.0 230963.0 18098.0 68238.0 467.0 263.0 5798.0 748.0 88.0 214.0 5.0 0.0
5.0 2482.0 9.0 1.0 140884.0 9818.0 2825413.0 7.0 25.0 26000.0 60.0 3.0 0.0 0.0 0.0
120.0 17544.0 6586.0 554.0 2270643.0 1729412.0 3190606.0 224708.0 30783.0 128577.0 270976.0 47699.0 12891.0 7626.0 807.0
17.0 946.0 134.0 2.0 160237.0 14266.0 34480.0 651.0 188.0 4168.0 296.0 28.0 99.0 1.0 0.0
4.0 221.0 6.0 0.0 30184.0 663.0 17698.0 4.0 0.0 860.0 0.0 0.0 0.0 0.0 0.0
1.0 13.0 0.0 0.0 6810.0 0.0 51.0 0.0 0.0 27.0 0.0 0.0 0.0 0.0 0.0
33.0 7809.0 335.0 193.0 893057.0 146138.0 3285434.0 1679.0 4251.0 75350.0 79494.0 2274.0 7877.0 800.0 703.0
26.0 1861.0 302.0 23.0 207103.0 41822.0 113862.0 2095.0 296.0 4677.0 2505.0 480.0 803.0 3.0 22.0
2.0 23.0 1.0 0.0 3017.0 21.0 146.0 0.0 1.0 5.0 0.0 0.0 0.0 0.0 0.0
49.0 8831.0 1030.0 146.0 1259070.0 339571.0 3378689.0 12605.0 9098.0 75358.0 61823.0 4924.0 2149.0 747.0 148.0
12.0 610.0 59.0 7.0 75759.0 5494.0 23334.0 157.0 69.0 1168.0 742.0 58.0 168.0 3.0 2.0
35.0 10392.0 489.0 106.0 891382.0 267893.0 6945497.0 3711.0 3808.0 119178.0 70021.0 2273.0 3899.0 458.0 103.0
10.0 3590.0 35.0 10.0 287588.0 20299.0 2587635.0 57.0 291.0 30880.0 10577.0 50.0 426.0 9.0 4.0
23.0 5238.0 201.0 52.0 408087.0 96398.0 3951676.0 964.0 1123.0 41302.0 15958.0 611.0 317.0 107.0 89.0
22.0 7434.0 218.0 13.0 637288.0 134413.0 3934051.0 1303.0 3020.0 70927.0 14035.0 217.0 813.0 17.0 3.0
74.0 15485.0 2168.0 533.0 1650785.0 857394.0 6214604.0 35945.0 19108.0 172858.0 213445.0 21224.0 10675.0 5813.0 1842.0
68.0 22425.0 1723.0 555.0 2021513.0 1047288.0 10278833.0 23659.0 30504.0 213254.0 356233.0 18030.0 18973.0 6681.0 1746.0
17.0 4664.0 114.0 22.0 551888.0 45372.0 1673323.0 434.0 603.0 68851.0 23680.0 180.0 2183.0 48.0 18.0
62.0 10401.0 1797.0 94.0 973700.0 520962.0 5517561.0 32876.0 5263.0 90818.0 97933.0 4293.0 2520.0 606.0 45.0
12.0 2065.0 62.0 4.0 253143.0 18605.0 420466.0 184.0 236.0 30403.0 3030.0 32.0 304.0 4.0 0.0
16.0 3925.0 112.0 8.0 459236.0 49531.0 1074777.0 458.0 1201.0 38790.0 6180.0 92.0 381.0 10.0 0.0
24.0 4122.0 269.0 7.0 334514.0 81989.0 2248365.0 1882.0 425.0 25611.0 11541.0 131.0 213.0 10.0 1.0
184.0 36838.0 14160.0 2676.0 4297331.0 4676729.0 11682370.0 641916.0 137603.0 373861.0 1516185.0 295144.0 136617.0 61084.0 23240.0
2.0 779.0 1.0 0.0 46137.0 779.0 296229.0 0.0 0.0 2164.0 0.0 0.0 0.0 0.0 0.0
657.0 80743.0 203704.0 11792.0 10628179.0 44030220.0 13622676.0 40259330.0 1591242.0 451057.0 5103942.0 5937581.0 325381.0 772968.0 80081.0
9.0 1361.0 31.0 5.0 197144.0 9253.0 135196.0 54.0 179.0 9006.0 1087.0 26.0 95.0 3.0 1.0
36.0 1657.0 618.0 12.0 254209.0 55663.0 74407.0 6741.0 568.0 4291.0 1166.0 390.0 15.0 9.0 0.0
33.0 3756.0 499.0 29.0 508406.0 106136.0 719442.0 4625.0 1267.0 27302.0 10880.0 771.0 321.0 52.0 8.0
9.0 575.0 35.0 1.0 97110.0 4426.0 35191.0 77.0 46.0 2971.0 78.0 7.0 2.0 0.0 0.0
10.0 6526.0 41.0 4.0 392365.0 43684.0 5525646.0 94.0 1793.0 53590.0 10568.0 20.0 448.0 6.0 0.0
22.0 2535.0 201.0 30.0 360937.0 41818.0 334979.0 1021.0 822.0 20813.0 8521.0 447.0 626.0 63.0 9.0
2.0 169.0 1.0 0.0 26616.0 163.0 6886.0 0.0 3.0 326.0 0.0 0.0 0.0 0.0 0.0
21.0 8312.0 186.0 24.0 743135.0 127909.0 4795365.0 932.0 3814.0 86002.0 27961.0 343.0 1371.0 52.0 3.0
182.0 29502.0 15271.0 1200.0 3349678.0 4392865.0 9482621.0 796940.0 74406.0 233668.0 739003.0 168746.0 29591.0 20468.0 2106.0
3.0 1600.0 2.0 1.0 134316.0 1681.0 767591.0 0.0 13.0 15026.0 1417.0 1.0 38.0 0.0 0.0
7.0 873.0 17.0 4.0 109363.0 3677.0 91260.0 21.0 67.0 4478.0 1371.0 8.0 28.0 6.0 0.0
20.0 7993.0 159.0 31.0 706538.0 105622.0 4613994.0 693.0 2099.0 80730.0 33731.0 358.0 4158.0 67.0 22.0
62.0 13022.0 1783.0 108.0 1343333.0 671975.0 4332550.0 31950.0 11649.0 117430.0 90249.0 5304.0 4410.0 522.0 44.0
150.0 13532.0 10477.0 698.0 1761161.0 1749178.0 3045838.0 461510.0 19977.0 76798.0 210688.0 78165.0 8224.0 9736.0 1889.0
27.0 5366.0 338.0 13.0 574654.0 122947.0 2107317.0 2618.0 1925.0 41393.0 11771.0 290.0 474.0 16.0 1.0
66.0 17831.0 1842.0 303.0 1764694.0 866527.0 8861757.0 29832.0 16263.0 152832.0 235952.0 12943.0 12005.0 2506.0 479.0
102.0 12049.0 4862.0 289.0 1561840.0 1026306.0 4052937.0 145796.0 13207.0 94030.0 157355.0 23152.0 3437.0 2508.0 244.0
5.0 2497.0 10.0 0.0 185144.0 8336.0 1161056.0 10.0 826.0 15136.0 0.0 0.0 0.0 0.0 0.0
30.0 6388.0 423.0 12.0 526861.0 165407.0 4568476.0 3740.0 1546.0 48290.0 15641.0 304.0 556.0 16.0 0.0
37.0 11196.0 588.0 78.0 1080952.0 315123.0 5383103.0 5383.0 7121.0 125690.0 66201.0 2080.0 3745.0 271.0 36.0
25.0 5404.0 261.0 39.0 563930.0 103313.0 3181735.0 1526.0 1904.0 49218.0 21511.0 665.0 532.0 95.0 14.0
39.0 16961.0 658.0 83.0 1574137.0 489257.0 7815058.0 6574.0 24975.0 199457.0 85267.0 2125.0 10022.0 374.0 66.0
10.0 2172.0 42.0 3.0 161972.0 19147.0 1416949.0 97.0 129.0 12822.0 139.0 22.0 2.0 1.0 0.0
61.0 14772.0 1654.0 176.0 1308425.0 697384.0 7487173.0 27158.0 15888.0 139765.0 146560.0 7437.0 5300.0 1238.0 157.0
102.0 16171.0 4925.0 226.0 2173380.0 1421974.0 3475236.0 150830.0 26810.0 147089.0 141677.0 19264.0 8000.0 1482.0 124.0
18.0 4395.0 140.0 13.0 369535.0 60309.0 2043724.0 632.0 954.0 26242.0 12198.0 161.0 150.0 22.0 1.0
5.0 562.0 10.0 0.0 103230.0 2072.0 36516.0 10.0 88.0 4155.0 0.0 0.0 0.0 0.0 0.0
65.0 23240.0 1810.0 270.0 2172634.0 1077299.0 10374489.0 29617.0 46249.0 292247.0 264949.0 11491.0 26307.0 2197.0 375.0
72.0 9347.0 2247.0 309.0 1178132.0 549152.0 2987310.0 41486.0 9992.0 71201.0 84585.0 15268.0 4958.0 2296.0 590.0
218.0 32241.0 22160.0 1493.0 3536182.0 5951641.0 9016031.0 1414717.0 84924.0 228972.0 811262.0 258155.0 31773.0 26099.0 4045.0
2.0 959.0 0.0 1.0 63572.0 0.0 312449.0 0.0 0.0 2548.0 943.0 0.0 8.0 0.0 0.0
14.0 3060.0 71.0 20.0 508246.0 23890.0 717540.0 189.0 1099.0 39207.0 11192.0 131.0 1250.0 23.0 21.0
68.0 16044.0 2025.0 253.0 1725298.0 813559.0 6261794.0 36153.0 16243.0 173309.0 207175.0 11609.0 10864.0 1973.0 381.0
39.0 4948.0 631.0 110.0 542813.0 147952.0 505894.0 5902.0 2456.0 17047.0 30278.0 2556.0 2441.0 529.0 152.0
38.0 3957.0 683.0 20.0 537461.0 136799.0 456316.0 7751.0 1651.0 36681.0 5644.0 651.0 332.0 33.0 1.0
7.0 1973.0 19.0 2.0 215435.0 9033.0 625093.0 26.0 452.0 29042.0 1695.0 8.0 103.0 1.0 0.0
14.0 2437.0 89.0 2.0 178558.0 27631.0 1592728.0 341.0 189.0 14295.0 3620.0 22.0 26.0 1.0 0.0
8.0 2648.0 24.0 4.0 236877.0 15387.0 1482335.0 33.0 231.0 16927.0 2553.0 22.0 67.0 1.0 0.0
297.0 61024.0 39503.0 4453.0 5607198.0 13692729.0 16425580.0 3250290.0 599440.0 493759.0 2798897.0 851670.0 186299.0 199175.0 21205.0
5.0 475.0 8.0 2.0 55903.0 1419.0 27524.0 5.0 16.0 738.0 397.0 4.0 26.0 1.0 0.0
36.0 4547.0 608.0 22.0 560497.0 149611.0 910427.0 6456.0 1573.0 30776.0 5914.0 625.0 237.0 54.0 5.0
21.0 11158.0 156.0 54.0 796363.0 141001.0 8429079.0 582.0 3999.0 108997.0 66751.0 505.0 3705.0 208.0 35.0
21.0 3360.0 199.0 11.0 340265.0 56318.0 1535149.0 1138.0 453.0 18717.0 9470.0 178.0 253.0 11.0 3.0
1.0 93.0 0.0 0.0 8457.0 0.0 4197.0 0.0 0.0 81.0 0.0 0.0 0.0 0.0 0.0
38.0 6389.0 666.0 37.0 811681.0 199649.0 2783158.0 7201.0 3344.0 54715.0 27498.0 1145.0 1279.0 83.0 7.0
113.0 27394.0 5890.0 438.0 2460366.0 2510419.0 13429405.0 190951.0 47944.0 254500.0 421667.0 38198.0 20077.0 4541.0 446.0
4.0 876.0 5.0 1.0 117230.0 2066.0 131655.0 2.0 50.0 11321.0 350.0 2.0 56.0 0.0 0.0
87.0 25387.0 2767.0 974.0 2843053.0 1337987.0 9439746.0 47075.0 64315.0 296093.0 617049.0 39282.0 49808.0 15406.0 4232.0
4.0 1161.0 4.0 2.0 157556.0 2143.0 286459.0 1.0 91.0 16465.0 1032.0 2.0 63.0 1.0 0.0
65.0 10830.0 1888.0 192.0 1329342.0 561606.0 3782695.0 33573.0 8802.0 97513.0 103444.0 8300.0 5233.0 1625.0 182.0
17.0 10184.0 119.0 17.0 661984.0 118345.0 8801683.0 461.0 2962.0 104355.0 34239.0 187.0 2218.0 28.0 4.0
4.0 895.0 4.0 2.0 95163.0 1789.0 165160.0 1.0 32.0 5795.0 700.0 2.0 66.0 1.0 0.0
16.0 812.0 119.0 1.0 119246.0 11857.0 42509.0 546.0 61.0 2165.0 133.0 14.0 34.0 0.0 0.0
18.0 1662.0 144.0 9.0 309030.0 24897.0 132556.0 681.0 426.0 11795.0 2321.0 126.0 92.0 9.0 0.0
211.0 31806.0 20741.0 1414.0 3525252.0 5606962.0 9103642.0 1294979.0 86078.0 283766.0 818092.0 205007.0 41025.0 39918.0 3561.0
58.0 13052.0 1392.0 261.0 1391067.0 551344.0 6181365.0 19683.0 10453.0 105772.0 160864.0 8295.0 5425.0 2313.0 565.0
12.0 700.0 63.0 3.0 102311.0 6857.0 46278.0 193.0 103.0 2584.0 581.0 24.0 28.0 3.0 0.0
63.0 13208.0 1773.0 180.0 1582872.0 616306.0 4755022.0 30557.0 12582.0 139883.0 161930.0 7491.0 7748.0 1500.0 163.0
19.0 7395.0 140.0 31.0 578097.0 87646.0 6103525.0 560.0 1839.0 88914.0 39210.0 304.0 1288.0 92.0 13.0
47.0 7928.0 987.0 94.0 930497.0 297389.0 2797541.0 12583.0 4433.0 48116.0 54177.0 3121.0 2128.0 424.0 87.0
36.0 14704.0 534.0 96.0 1334586.0 371673.0 7694177.0 4464.0 16109.0 177821.0 97271.0 2151.0 6739.0 462.0 63.0
128.0 27927.0 7111.0 1017.0 2869708.0 2734987.0 10891774.0 234828.0 68351.0 257467.0 611694.0 87444.0 31673.0 16614.0 2490.0
58.0 10807.0 1549.0 104.0 1274277.0 531111.0 3770113.0 25497.0 8857.0 89517.0 62166.0 4950.0 2504.0 353.0 56.0
3.0 1610.0 2.0 1.0 182052.0 1597.0 582658.0 0.0 61.0 25130.0 1145.0 1.0 178.0 0.0 0.0
774.0 45940.0 296989.0 2162.0 7596116.0 33531289.0 6212742.0 75369720.0 404072.0 371071.0 1035109.0 1558432.0 68539.0 49484.0 3888.0
3.0 2237.0 3.0 0.0 107523.0 4386.0 2199542.0 1.0 44.0 11490.0 0.0 0.0 0.0 0.0 0.0
50.0 10625.0 1101.0 124.0 1309748.0 389827.0 3069222.0 14669.0 8952.0 139879.0 97074.0 4040.0 7910.0 761.0 130.0
62.0 9350.0 1837.0 54.0 1032526.0 501590.0 3991322.0 34819.0 5610.0 76584.0 53772.0 2785.0 1884.0 193.0 23.0
71.0 19841.0 2115.0 370.0 1823844.0 1055124.0 9770276.0 36041.0 29893.0 210600.0 248976.0 17286.0 12492.0 3240.0 588.0
28.0 5061.0 332.0 46.0 811482.0 106584.0 664219.0 2274.0 2884.0 48328.0 21241.0 839.0 1527.0 132.0 31.0
20.0 2730.0 175.0 15.0 415076.0 43054.0 382019.0 897.0 843.0 20345.0 6550.0 220.0 290.0 19.0 4.0
41.0 5120.0 784.0 36.0 733457.0 181435.0 1659339.0 9399.0 2572.0 35124.0 16355.0 1140.0 933.0 99.0 22.0
21.0 1183.0 206.0 4.0 195492.0 22356.0 72170.0 1256.0 349.0 3776.0 454.0 73.0 76.0 0.0 1.0
70.0 28098.0 1915.0 500.0 2672493.0 1264353.0 11274164.0 29378.0 78089.0 342805.0 424909.0 18137.0 46661.0 5812.0 1413.0
10.0 3089.0 41.0 4.0 197052.0 26777.0 2857495.0 92.0 182.0 27670.0 646.0 25.0 7.0 2.0 1.0
11.0 1310.0 40.0 15.0 118184.0 11769.0 516494.0 70.0 76.0 7210.0 1073.0 62.0 53.0 26.0 7.0
84.0 16290.0 2981.0 505.0 1584327.0 1088265.0 6814201.0 61956.0 16671.0 120219.0 196775.0 27897.0 16844.0 2780.0 2651.0
2.0 1449.0 1.0 0.0 118667.0 1231.0 514959.0 0.0 109.0 11569.0 0.0 0.0 0.0 0.0 0.0
39.0 7868.0 671.0 70.0 977166.0 245728.0 1902402.0 6880.0 5391.0 67385.0 38116.0 1969.0 2179.0 249.0 41.0
9.0 4391.0 24.0 12.0 357414.0 18004.0 2785336.0 28.0 378.0 55419.0 14080.0 35.0 1144.0 14.0 7.0
10.0 1544.0 32.0 13.0 227748.0 7660.0 266936.0 49.0 114.0 14391.0 5350.0 46.0 329.0 17.0 8.0
6.0 2655.0 14.0 1.0 171027.0 10786.0 2547117.0 16.0 101.0 27509.0 2265.0 4.0 11.0 0.0 0.0
3.0 225.0 3.0 0.0 15718.0 410.0 10012.0 1.0 20.0 156.0 0.0 0.0 0.0 0.0 0.0
68.0 7713.0 2196.0 82.0 1170608.0 454826.0 1508882.0 45080.0 7531.0 60014.0 42857.0 4686.0 2013.0 324.0 26.0
9.0 657.0 35.0 1.0 85622.0 5093.0 28786.0 77.0 37.0 2117.0 89.0 7.0 0.0 0.0 0.0
15.0 1207.0 104.0 1.0 160427.0 16269.0 127689.0 442.0 300.0 4481.0 29.0 13.0 0.0 0.0 0.0
10.0 760.0 43.0 2.0 110434.0 6503.0 47237.0 105.0 43.0 1543.0 215.0 14.0 18.0 1.0 0.0
16.0 4166.0 110.0 10.0 423375.0 48021.0 2428764.0 436.0 778.0 30926.0 12417.0 109.0 248.0 14.0 1.0
6.0 3620.0 13.0 2.0 285998.0 14189.0 2471694.0 12.0 468.0 25342.0 2855.0 8.0 60.0 0.0 0.0
58.0 13564.0 1497.0 156.0 1193632.0 639660.0 7316331.0 23259.0 11155.0 114023.0 104124.0 6566.0 3527.0 923.0 108.0
7.0 845.0 16.0 5.0 99140.0 3301.0 78314.0 15.0 31.0 2431.0 1273.0 16.0 217.0 3.0 1.0
25.0 2891.0 297.0 3.0 197425.0 66148.0 1476228.0 2231.0 581.0 14246.0 2036.0 69.0 19.0 0.0 0.0
35.0 3055.0 572.0 23.0 508651.0 95841.0 277399.0 5823.0 1279.0 21923.0 4721.0 690.0 375.0 27.0 5.0
5.0 3497.0 8.0 2.0 288086.0 9825.0 2470795.0 5.0 248.0 26264.0 3379.0 4.0 144.0 1.0 0.0
24.0 3279.0 251.0 25.0 442309.0 59201.0 916523.0 1553.0 632.0 25792.0 13564.0 406.0 694.0 51.0 14.0
16.0 3667.0 104.0 16.0 460033.0 43279.0 1709371.0 362.0 1146.0 28031.0 8456.0 176.0 489.0 18.0 4.0
65.0 12626.0 1927.0 153.0 1507079.0 674681.0 3027001.0 35116.0 12864.0 117165.0 96171.0 7590.0 5742.0 873.0 101.0
12.0 3224.0 62.0 4.0 332216.0 31169.0 1596565.0 182.0 517.0 19913.0 3059.0 36.0 101.0 2.0 0.0
1.0 82.0 0.0 0.0 6758.0 0.0 3208.0 0.0 0.0 113.0 0.0 0.0 0.0 0.0 0.0
11.0 1692.0 45.0 10.0 227242.0 11640.0 272847.0 91.0 227.0 11046.0 4436.0 59.0 195.0 14.0 1.0
21.0 1104.0 210.0 0.0 139991.0 20076.0 41006.0 1330.0 1002.0 1731.0 0.0 0.0 0.0 0.0 0.0
72.0 7784.0 2081.0 475.0 949226.0 436585.0 3128672.0 34100.0 4941.0 58073.0 97957.0 19520.0 4120.0 4330.0 1690.0
38.0 7532.0 645.0 58.0 903728.0 217367.0 2884708.0 6608.0 4209.0 78637.0 49159.0 1581.0 1870.0 234.0 13.0
52.0 11968.0 1068.0 258.0 1082143.0 483753.0 6796802.0 11954.0 7358.0 101674.0 105109.0 8005.0 3395.0 1528.0 613.0
16.0 2261.0 101.0 19.0 256321.0 27446.0 196833.0 328.0 468.0 12136.0 3569.0 212.0 982.0 6.0 14.0
225.0 19669.0 24707.0 493.0 3635226.0 4038883.0 2126240.0 1769107.0 80493.0 159760.0 186571.0 98473.0 9708.0 5394.0 226.0
4.0 4560.0 6.0 0.0 274216.0 11062.0 3954667.0 4.0 1309.0 40473.0 0.0 0.0 0.0 0.0 0.0
106.0 16249.0 5182.0 383.0 1660708.0 1455311.0 7229444.0 157281.0 19239.0 129210.0 202826.0 31756.0 4765.0 3573.0 310.0
3.0 2863.0 3.0 0.0 188209.0 5296.0 2332557.0 1.0 215.0 17336.0 0.0 0.0 0.0 0.0 0.0
44.0 9603.0 862.0 84.0 853629.0 323994.0 5206886.0 10231.0 4665.0 64526.0 74075.0 2572.0 2765.0 367.0 74.0
28.0 7137.0 334.0 44.0 672152.0 146779.0 3851434.0 2292.0 2666.0 65573.0 38182.0 838.0 1203.0 132.0 14.0
53.0 11838.0 1137.0 241.0 1146038.0 463773.0 3399425.0 13793.0 11564.0 90584.0 111639.0 7478.0 8518.0 1652.0 503.0
52.0 15090.0 1281.0 45.0 1022611.0 678261.0 9474127.0 20004.0 13191.0 128177.0 58597.0 1952.0 3175.0 134.0 10.0
8.0 3879.0 17.0 11.0 240068.0 21782.0 2594726.0 10.0 381.0 16394.0 3671.0 36.0 469.0 0.0 10.0
86.0 7284.0 3560.0 95.0 1208658.0 583456.0 601894.0 94724.0 7130.0 39250.0 19948.0 7301.0 738.0 266.0 49.0
117.0 10166.0 6556.0 230.0 1919731.0 1042854.0 2153844.0 235469.0 27637.0 86509.0 72112.0 23013.0 4508.0 1507.0 141.0
48.0 9605.0 1001.0 127.0 1302076.0 359677.0 2509593.0 12391.0 8086.0 79884.0 66466.0 4134.0 4560.0 605.0 166.0
3.0 599.0 3.0 0.0 71613.0 1176.0 94355.0 1.0 11.0 3380.0 0.0 0.0 0.0 0.0 0.0
8.0 226.0 28.0 0.0 36589.0 1566.0 4653.0 56.0 8.0 211.0 0.0 0.0 0.0 0.0 0.0
301.0 25200.0 44587.0 563.0 3806489.0 6955898.0 6722612.0 4339110.0 84136.0 172807.0 414102.0 153617.0 10864.0 6949.0 274.0
25.0 2870.0 276.0 24.0 272215.0 60766.0 669378.0 1831.0 797.0 23814.0 6252.0 399.0 134.0 57.0 13.0
25.0 16049.0 236.0 64.0 1162081.0 232729.0 11387012.0 1209.0 9001.0 188665.0 114871.0 778.0 9787.0 245.0 68.0
3.0 6128.0 2.0 1.0 305105.0 6608.0 6262354.0 0.0 652.0 48970.0 3646.0 1.0 349.0 0.0 0.0
9.0 4036.0 32.0 4.0 311300.0 24842.0 3335374.0 58.0 489.0 51725.0 6242.0 24.0 113.0 2.0 0.0
18.0 965.0 107.0 46.0 186445.0 12774.0 57275.0 322.0 112.0 3078.0 3019.0 346.0 194.0 54.0 94.0
28.0 10020.0 288.0 90.0 910007.0 182321.0 6176425.0 1506.0 5170.0 95143.0 71093.0 1317.0 3393.0 336.0 117.0
97.0 10538.0 4491.0 165.0 1152972.0 906877.0 3287855.0 132694.0 8789.0 59551.0 83407.0 13853.0 1893.0 857.0 36.0
2.0 887.0 1.0 0.0 83729.0 867.0 301781.0 0.0 10.0 3038.0 0.0 0.0 0.0 0.0 0.0
1.0 34.0 0.0 0.0 4003.0 0.0 535.0 0.0 0.0 26.0 0.0 0.0 0.0 0.0 0.0
58.0 11977.0 1451.0 202.0 1253313.0 546693.0 5360466.0 21355.0 8663.0 105438.0 111106.0 7924.0 3782.0 1343.0 234.0
84.0 14271.0 3157.0 329.0 1839032.0 966938.0 3530184.0 71901.0 16488.0 141018.0 167837.0 20234.0 8371.0 2703.0 446.0
13.0 5205.0 70.0 8.0 410627.0 50750.0 3690720.0 208.0 820.0 30580.0 9506.0 68.0 282.0 10.0 0.0
285.0 62731.0 35033.0 5437.0 5147874.0 12925271.0 18688709.0 2636440.0 556926.0 462587.0 3385137.0 860747.0 195672.0 283525.0 36958.0
5.0 206.0 5.0 5.0 22872.0 378.0 3933.0 1.0 22.0 254.0 320.0 5.0 41.0 2.0 2.0
39.0 3405.0 721.0 20.0 599179.0 119377.0 333816.0 8425.0 1778.0 27532.0 5833.0 691.0 312.0 20.0 3.0
7.0 2030.0 19.0 2.0 218802.0 10620.0 609162.0 26.0 363.0 24452.0 826.0 8.0 4.0 1.0 0.0
33.0 11147.0 463.0 65.0 859600.0 288096.0 7503344.0 3713.0 5131.0 95496.0 54074.0 1517.0 2136.0 180.0 46.0
47.0 7364.0 946.0 135.0 941543.0 279841.0 1608250.0 11133.0 4545.0 60231.0 45923.0 4278.0 1945.0 615.0 189.0
19.0 1157.0 164.0 7.0 183972.0 18155.0 49068.0 859.0 599.0 3410.0 1265.0 102.0 104.0 7.0 1.0
3.0 1863.0 2.0 1.0 112581.0 1896.0 1397819.0 0.0 9.0 11675.0 1746.0 1.0 33.0 0.0 0.0
20.0 6200.0 141.0 49.0 618843.0 69874.0 2173756.0 504.0 1211.0 57053.0 40450.0 451.0 2527.0 124.0 61.0
1.0 152.0 0.0 0.0 19443.0 0.0 11123.0 0.0 0.0 353.0 0.0 0.0 0.0 0.0 0.0
8.0 736.0 27.0 1.0 113442.0 4555.0 62202.0 50.0 280.0 2788.0 31.0 6.0 3.0 0.0 0.0
59.0 4349.0 1675.0 36.0 653900.0 239596.0 460758.0 30581.0 2448.0 30253.0 7096.0 1811.0 327.0 110.0 7.0
52.0 12024.0 1188.0 138.0 1342589.0 495388.0 4378089.0 16079.0 10507.0 132379.0 86318.0 5244.0 5252.0 675.0 102.0
2.0 780.0 0.0 1.0 87961.0 0.0 262140.0 0.0 0.0 12771.0 768.0 0.0 6.0 0.0 0.0
14.0 3836.0 68.0 23.0 374760.0 32797.0 1980432.0 157.0 547.0 38020.0 14181.0 154.0 898.0 37.0 16.0
6.0 650.0 12.0 3.0 134268.0 2291.0 55088.0 10.0 32.0 5717.0 829.0 8.0 33.0 2.0 0.0
1.0 2388.0 0.0 0.0 116657.0 0.0 2824263.0 0.0 0.0 25815.0 0.0 0.0 0.0 0.0 0.0
11.0 444.0 52.0 3.0 59853.0 4049.0 12215.0 141.0 107.0 315.0 119.0 21.0 29.0 3.0 0.0
85.0 12350.0 3327.0 243.0 1321065.0 890590.0 5598747.0 81842.0 9225.0 93753.0 122374.0 13945.0 2993.0 2725.0 258.0
70.0 12192.0 2076.0 339.0 1607529.0 635408.0 3605676.0 35601.0 12438.0 122498.0 165304.0 15898.0 7830.0 2569.0 672.0
36.0 6501.0 614.0 16.0 584284.0 207833.0 2723767.0 6619.0 1951.0 46349.0 14592.0 499.0 604.0 21.0 1.0
43.0 7132.0 818.0 85.0 763411.0 257148.0 2614521.0 9294.0 3863.0 31606.0 32094.0 2660.0 1288.0 336.0 51.0
5.0 2346.0 9.0 1.0 138810.0 9125.0 2200677.0 7.0 46.0 12816.0 135.0 3.0 16.0 0.0 0.0
19.0 2752.0 150.0 21.0 341819.0 35180.0 874928.0 676.0 467.0 23202.0 12948.0 243.0 237.0 36.0 14.0
11.0 4370.0 52.0 3.0 392421.0 35702.0 1485187.0 139.0 1904.0 63053.0 2054.0 25.0 1068.0 1.0 0.0
2.0 329.0 1.0 0.0 48406.0 325.0 43271.0 0.0 2.0 1447.0 0.0 0.0 0.0 0.0 0.0
4.0 446.0 6.0 0.0 49618.0 1318.0 42358.0 4.0 10.0 1196.0 0.0 0.0 0.0 0.0 0.0
7.0 1409.0 19.0 2.0 229435.0 7003.0 165897.0 25.0 229.0 10927.0 723.0 10.0 135.0 0.0 0.0
60.0 9547.0 1560.0 210.0 1136104.0 437341.0 2905044.0 24178.0 6557.0 62689.0 104398.0 8195.0 4210.0 1556.0 291.0
13.0 3786.0 64.0 14.0 271583.0 36378.0 1805239.0 152.0 504.0 20954.0 6950.0 120.0 548.0 8.0 6.0
161.0 31818.0 11308.0 1572.0 4387006.0 3750990.0 8398985.0 476201.0 126617.0 374157.0 913604.0 170588.0 86526.0 28193.0 7658.0
21.0 1533.0 193.0 17.0 202198.0 25942.0 113246.0 1046.0 347.0 4583.0 3718.0 250.0 153.0 29.0 5.0
7.0 1655.0 20.0 1.0 206068.0 8759.0 337930.0 30.0 235.0 16173.0 461.0 5.0 120.0 0.0 0.0
2.0 1730.0 1.0 0.0 102172.0 1712.0 1390776.0 0.0 9.0 11065.0 0.0 0.0 0.0 0.0 0.0
77.0 22451.0 2640.0 286.0 2052092.0 1314270.0 11069007.0 54942.0 30155.0 216092.0 301228.0 15341.0 15234.0 2492.0 375.0
10.0 4125.0 36.0 9.0 326650.0 26421.0 2755508.0 65.0 896.0 38515.0 8736.0 41.0 88.0 11.0 3.0
20.0 8854.0 159.0 31.0 620770.0 122375.0 6109925.0 686.0 2485.0 83675.0 37999.0 361.0 1441.0 82.0 11.0
25.0 6783.0 251.0 49.0 708545.0 134436.0 3444161.0 1363.0 2610.0 60135.0 20980.0 789.0 1078.0 106.0 42.0
29.0 2875.0 401.0 5.0 404953.0 75545.0 267481.0 3523.0 1234.0 17487.0 2337.0 127.0 75.0 4.0 0.0
68.0 13119.0 1855.0 423.0 1587319.0 677348.0 5350650.0 29119.0 12767.0 127152.0 164781.0 15789.0 5655.0 3495.0 1713.0
34.0 6225.0 522.0 39.0 567722.0 168225.0 3996140.0 4886.0 1683.0 44998.0 32860.0 962.0 487.0 122.0 14.0
78.0 12954.0 2761.0 242.0 1885311.0 800639.0 4170073.0 59784.0 19874.0 123581.0 140223.0 14488.0 8424.0 1508.0 296.0
15.0 2459.0 98.0 7.0 288800.0 27907.0 522725.0 376.0 353.0 15509.0 5377.0 68.0 218.0 10.0 1.0
19.0 5366.0 113.0 58.0 488443.0 60537.0 3154019.0 333.0 1364.0 48790.0 29265.0 390.0 2029.0 142.0 104.0
5.0 586.0 9.0 1.0 86488.0 2037.0 48769.0 7.0 56.0 3566.0 189.0 3.0 3.0 0.0 0.0
1.0 14.0 0.0 0.0 1984.0 0.0 87.0 0.0 0.0 4.0 0.0 0.0 0.0 0.0 0.0
62.0 15126.0 1697.0 194.0 1715806.0 709419.0 4767791.0 27975.0 18433.0 192730.0 148469.0 8315.0 13966.0 1265.0 265.0
1.0 81.0 0.0 0.0 12963.0 0.0 3063.0 0.0 0.0 177.0 0.0 0.0 0.0 0.0 0.0
44.0 8227.0 824.0 122.0 1090841.0 261310.0 1510763.0 9069.0 5975.0 85983.0 70953.0 3340.0 4774.0 721.0 114.0
19.0 3993.0 150.0 21.0 467581.0 61664.0 1598758.0 656.0 1020.0 25126.0 7442.0 279.0 364.0 24.0 10.0
98.0 25992.0 4028.0 725.0 2707129.0 1831848.0 10158966.0 96670.0 56472.0 273061.0 516594.0 43024.0 29919.0 10630.0 1772.0
41.0 11084.0 690.0 130.0 1263140.0 285328.0 4358002.0 6730.0 7900.0 150148.0 122718.0 2948.0 9757.0 824.0 158.0
9.0 1634.0 34.0 2.0 177111.0 11202.0 302781.0 71.0 134.0 9407.0 1368.0 12.0 117.0 1.0 0.0
322.0 59559.0 47745.0 3936.0 5794061.0 15511576.0 15667039.0 4420455.0 371682.0 477378.0 2550649.0 940982.0 156425.0 135071.0 16132.0
51.0 5915.0 1145.0 130.0 869864.0 248936.0 676081.0 15445.0 4900.0 41791.0 32852.0 4540.0 2081.0 690.0 150.0
7.0 1020.0 20.0 1.0 129501.0 5226.0 110083.0 30.0 152.0 5086.0 540.0 5.0 25.0 0.0 0.0
34.0 11178.0 469.0 92.0 948941.0 253234.0 6969937.0 3618.0 4073.0 94459.0 99564.0 1882.0 3965.0 390.0 94.0
13.0 1086.0 76.0 2.0 174704.0 12293.0 130322.0 265.0 125.0 9008.0 439.0 20.0 25.0 1.0 0.0
15.0 3246.0 91.0 14.0 425603.0 31248.0 1114818.0 303.0 553.0 63131.0 10930.0 126.0 1080.0 22.0 4.0
27.0 5684.0 255.0 96.0 748768.0 95643.0 1284652.0 1274.0 2307.0 69443.0 40691.0 1151.0 3418.0 251.0 249.0
65.0 9979.0 1734.0 346.0 1486864.0 473116.0 2827892.0 26256.0 14923.0 124905.0 116252.0 13656.0 9721.0 3162.0 606.0
11.0 3207.0 50.0 5.0 268999.0 25938.0 2273427.0 126.0 365.0 18274.0 5202.0 33.0 100.0 6.0 0.0
8.0 3054.0 24.0 4.0 298208.0 16423.0 1179967.0 34.0 497.0 32952.0 3437.0 21.0 262.0 0.0 1.0
52.0 9951.0 1225.0 101.0 1143133.0 408736.0 2782091.0 17784.0 7120.0 106158.0 76827.0 3669.0 3849.0 560.0 87.0
4.0 859.0 4.0 2.0 63263.0 2447.0 297596.0 1.0 6.0 2236.0 106.0 2.0 6.0 1.0 0.0
60.0 10175.0 1675.0 95.0 1118611.0 525114.0 2468303.0 29114.0 8581.0 72497.0 52723.0 4742.0 2663.0 324.0 40.0
295.0 61093.0 33062.0 10303.0 5436305.0 11967673.0 17057067.0 2085649.0 350375.0 387303.0 4844021.0 1469045.0 224449.0 492129.0 188492.0
75.0 8663.0 2601.0 174.0 1265375.0 542236.0 1999403.0 56137.0 8335.0 93980.0 75778.0 10227.0 3189.0 1008.0 153.0
9.0 3445.0 32.0 4.0 270661.0 23366.0 2946032.0 58.0 377.0 33047.0 3370.0 24.0 35.0 2.0 0.0
2.0 680.0 1.0 0.0 75494.0 676.0 179239.0 0.0 2.0 10550.0 0.0 0.0 0.0 0.0 0.0
79.0 16062.0 2843.0 238.0 1893379.0 966114.0 6728618.0 63328.0 19724.0 152545.0 230178.0 13349.0 8548.0 2229.0 173.0
30.0 12696.0 374.0 61.0 1160932.0 260536.0 7284586.0 2660.0 11422.0 140153.0 73038.0 1134.0 5883.0 224.0 42.0
28.0 1624.0 373.0 5.0 298098.0 42170.0 64317.0 3151.0 461.0 4080.0 666.0 120.0 45.0 5.0 0.0
23.0 5488.0 223.0 30.0 455888.0 108579.0 2616500.0 1238.0 1347.0 32793.0 9013.0 449.0 225.0 71.0 13.0
5.0 4233.0 5.0 5.0 339674.0 6400.0 2664459.0 1.0 101.0 53321.0 8448.0 5.0 941.0 2.0 2.0
