24577	500569
24577	50522
24577	299347
81922	50522
81922	114901
294917	50592
24585	24392
24585	290364
24586	50522
24586	114027
24586	290364
24586	192255
24587	290364
24588	24392
24588	50522
24588	287155
24588	290364
679949	50522
24592	116673
24592	116643
24592	25576
24592	307594
24592	29647
24592	25615
24592	25404
24596	117089
24596	59109
24596	29192
24596	311786
24596	311245
24596	29613
24596	54226
24596	25054
24598	307842
24598	29382
24598	29161
24598	307594
24598	85421
24598	24242
24598	287155
24598	50522
114711	50522
114711	25415
24605	54292
303135	50522
360480	50522
311332	307594
24617	170538
24617	363854
688173	140939
360497	307594
311346	50522
24627	307594
294964	114027
24552	50522
303158	307594
360504	24392
294972	24392
294975	307594
24642	499417
24642	50522
360515	114027
24644	292464
24644	499417
24644	50522
24644	290364
24644	24392
499782	290364
114700	24842
294988	307594
24653	83731
24653	192218
24653	29747
24654	50522
24654	64515
294993	50522
360533	24516
311384	307594
24668	50522
24668	290364
24669	114027
360543	298012
24672	24392
24672	499417
24672	29219
24673	50522
24674	50522
24674	290364
24674	140694
24674	85238
24674	24242
24679	50522
24680	50689
24680	29219
24680	29542
24680	54321
24680	691496
24680	291145
24680	690987
24680	64204
24680	116685
24680	116590
24680	499088
24680	24392
24680	25459
24680	308212
24680	25558
24680	24329
24680	65204
24680	500666
24680	116636
24680	50522
24680	24547
24681	29219
24681	29542
24681	24392
24681	114027
24681	311245
24681	24176
24681	25459
24681	25558
24681	50522
24681	290364
311405	50522
24686	307594
24686	84469
24688	24392
24691	24392
24691	307594
361833	50522
361833	24211
361833	290364
24699	50522
360572	24392
360572	50522
360572	117287
360573	58960
360573	114562
360573	299331
360573	56011
360573	170851
680063	50522
24705	114505
24705	500538
24705	300860
24705	24790
24708	399489
24708	116722
24708	299347
24708	25301
24708	81821
303241	499417
295050	50522
360471	298012
24716	500985
24716	50522
24716	282827
24716	316258
24718	50522
245903	117096
245903	360652
245903	116647
303251	499088
303251	500666
303251	308212
100360342	50522
303259	307594
303259	290364
360609	50522
245922	53372
114851	24252
680102	298012
114856	50522
360619	307594
680111	81821
303285	363836
303285	113894
64202	29219
64202	58974
64202	117287
24766	50522
24766	24242
680127	170538
680127	81749
360640	50522
24771	50522
24771	307594
245956	50522
286917	307594
245959	499417
245959	282819
245959	290364
245961	290364
24778	29560
24778	50522
24778	290364
286923	59312
286923	290364
286923	54292
286923	192254
24780	50522
24781	50522
286928	140722
360658	79121
360658	140940
360658	59109
360658	64310
24787	24392
114901	140694
114901	65040
114901	85238
114901	25751
114901	290364
24790	170915
24790	29508
24790	114505
24790	113938
24790	25337
24790	500538
361849	499417
286936	50522
245982	307594
24799	24392
24799	50522
24799	114027
24803	290364
24803	116470
24804	307309
24804	140941
24804	140593
24804	25012
24804	56084
24804	290364
24804	56029
24805	50522
24805	290364
360678	499417
360678	50522
360678	117287
24807	50522
100360426	50522
100360427	25301
311532	83841
360687	50522
24817	308212
24818	292464
24818	50522
24825	24392
24825	290364
24825	24391
24826	25617
24826	192235
24826	116598
24826	362862
312703	50522
312703	78948
312703	363445
312703	266759
286973	50522
286973	290364
24832	114027
24832	290364
24837	50522
24838	298012
24840	170915
24840	301164
24840	502389
24842	301442
24842	299331
24842	266759
24842	314856
24842	192269
24842	24888
24842	50522
24842	25405
311567	83497
311567	50522
311567	114554
24849	24392
24849	298012
24849	50522
24849	290364
24849	117287
24851	50522
24851	298012
24851	64391
24852	290364
24855	65248
24855	83613
24855	24242
24855	83571
24855	24890
24855	60445
24860	50522
246047	290364
500006	297570
24873	367218
24874	29560
24874	29452
24875	24242
246060	50522
246060	294790
24626	307594
295217	64462
24883	54244
24887	24224
24887	63868
24888	314856
24888	63868
24888	114114
24888	50522
246074	50522
295161	50522
295230	499417
295230	50522
295230	29219
295230	290364
295230	117287
24896	50522
24896	290364
361522	499417
361522	307594
24898	56816
24898	25489
24898	313474
24898	29219
24898	117277
24907	307594
24907	25614
24907	313494
24907	114489
24907	362715
24907	307548
24907	81822
24907	24511
295251	50522
24917	24392
24917	307594
24917	29219
24918	24514
24923	290364
24923	50522
24923	25012
24923	25558
24923	64630
24924	116673
24924	25613
303456	307594
360801	499417
246118	25416
246118	290364
246118	246310
24936	290364
295274	50522
24943	50522
24943	290364
500084	499417
24949	50522
24949	114027
24949	290364
24949	24242
360823	50522
369016	290364
369017	24392
369017	499417
24954	65248
24954	300674
24954	81643
24954	300783
24954	25622
24954	50522
24954	58844
24954	56765
24954	78975
688509	499417
24959	290364
94272	50522
24963	24392
24963	290364
288150	114027
246150	25573
295305	50522
303501	307594
287119	307594
689560	24392
689560	116644
360853	298012
360854	24392
360854	317371
303518	305123
360865	114027
25009	290364
360882	50522
360882	114027
287155	685859
287155	297994
287155	25101
287155	114509
287155	116643
287155	25620
287155	85431
287155	24472
287155	24890
287155	24413
287156	50522
360887	24392
25017	114027
25017	290364
360891	64845
25023	29542
25023	24392
25023	291145
25023	114027
25023	25459
25023	25558
25023	50522
25023	60383
303553	192348
303554	84015
303554	50522
303554	140939
303554	113894
303554	365751
25027	24392
25027	50522
246212	361765
246212	116647
246212	117096
246212	360652
246212	307594
246212	306636
246212	50522
246216	290364
246217	50522
25037	50522
688590	307594
688590	290364
25045	50522
287191	50522
246232	24185
360921	292464
360921	50522
25050	24242
25051	24242
25054	315840
25054	24225
25054	29545
25054	83823
25054	56084
25054	24408
25058	24392
25058	50522
25058	114027
25058	290364
680419	307594
360933	307594
25062	290364
680423	50522
680423	292732
295401	50522
295401	307594
311786	50592
311786	50522
311786	83477
311786	306886
680427	307594
66028	50522
246254	363445
66031	290364
303604	287716
303604	25576
303604	25577
303604	25578
303604	56011
303604	29753
303604	56010
360949	307594
360950	24392
360950	499417
360950	50522
25085	29219
360958	290364
246273	56816
246274	50522
500233	50522
360971	307594
25101	116643
360975	24392
25104	24392
25104	307594
25104	114027
25104	290364
500242	499417
500244	290364
246294	50522
25113	113970
360990	50522
25122	25489
25123	24377
25123	311245
25124	24514
25124	298012
500261	117096
500261	360652
500261	290364
500261	116647
246310	54241
246310	308578
246310	29382
246310	266759
246310	305288
246310	114023
246310	116563
246310	297428
246310	290364
246310	140670
246310	64678
311848	290364
311849	24392
25130	81804
25130	25558
100196907	50522
25135	307594
25135	29219
25135	25591
25135	117287
287280	50522
287280	363083
311860	294568
311860	81504
311860	282843
311860	24180
361014	50522
500280	50522
500282	50522
246331	83785
25149	363096
25149	25737
25149	50522
25149	117274
25149	84350
25150	50522
25150	29644
25150	25414
25150	25558
25150	362263
25152	25353
25152	114027
25152	116681
25152	50522
25152	290364
25152	64158
287299	50522
303689	50522
680522	24392
680522	307594
680522	29219
25167	24408
25167	83805
25167	29495
689593	50522
25176	24392
25176	290364
25177	24392
25177	307594
361050	50522
25179	307594
25179	290364
25181	24392
25181	307594
25183	50522
311913	312694
311913	81637
311913	298598
361071	307594
156275	50522
140734	114027
56084	116470
56084	171086
56084	25012
56084	64630
56084	50522
295549	50522
25218	362721
25218	50522
287367	50522
361100	499417
361100	25591
25229	50522
361103	499417
25235	83681
25236	307594
25238	24185
500377	290364
25242	25690
25244	24392
25244	290364
25246	24392
25247	50522
361120	50522
25252	50592
25252	315840
25252	117542
25252	29647
25252	29161
25252	24410
25252	25327
25252	64053
25252	24409
25252	114202
25252	311055
25252	290364
25252	50522
25252	25470
25255	365057
25255	192154
303786	50522
58823	50522
25261	83499
25262	116643
25262	290823
25262	305614
25262	24242
25262	29715
25262	362036
25262	24213
25262	315608
25262	24212
25262	50522
25262	290364
25262	84478
25262	64159
303798	50522
295607	499417
287417	117287
25275	50522
25275	290364
25275	307594
25275	24242
500419	24392
25287	24392
25288	24392
688843	50522
287436	499417
25293	50522
25293	114027
361167	25625
25297	290364
361171	50522
287444	29219
287444	81727
25301	83833
287446	24392
303831	24392
303831	50522
303831	290364
361181	50522
312030	307594
171059	79114
500450	298012
25316	54259
25316	24185
25316	299331
25316	81515
25319	171050
361202	307594
58835	50522
58835	290364
100360950	499417
24703	29219
24703	29542
24703	297994
24703	81517
24703	306353
24703	293621
25344	24392
25344	290364
25344	117287
25349	50522
25353	29456
25353	361673
303882	64465
25359	116685
25363	24392
25365	290364
25369	24242
25369	24318
25374	50522
501110	307594
287522	307594
25379	290364
25380	24392
25380	298012
94342	50522
361258	29560
25387	25570
25387	81668
25387	25638
25387	314856
25387	66026
25387	56816
25387	50522
25387	290364
25388	24176
25388	50522
25388	140670
25390	24392
25391	307594
25391	114027
25393	290364
25393	25567
25398	29456
25398	363836
25398	94196
25398	24400
25399	29715
25399	290364
25399	305614
25399	114027
25400	24416
25400	24417
25400	81827
25400	117284
25400	29669
25400	81672
25400	29577
25400	311055
25400	29712
25400	24242
25400	54323
25400	25591
25400	50522
25400	290364
25400	89789
25400	24415
287545	50522
25402	192154
25404	363425
25404	308392
25404	114520
25404	50522
25404	29149
25405	314856
287552	307594
24715	60445
312132	50522
25413	24392
25414	25513
25414	25614
25414	25622
25414	54245
25415	50522
25415	114027
25415	290364
25416	117287
25416	292464
25416	50522
25416	290364
25416	64158
25417	50522
25417	290364
25418	50522
25419	290364
25420	116677
25420	24471
361295	362827
25427	50522
500569	499417
25438	24392
25441	170538
25441	116590
361317	307594
25451	192254
25456	29489
25456	29564
25456	64845
25456	64303
25459	29219
25459	117287
25459	170538
25459	50522
25466	50522
25466	361677
25467	81504
25467	24514
25467	298947
25467	113894
25467	314856
25467	25513
25467	307594
25467	29741
25467	25622
25467	500985
25467	50522
25468	500105
25468	50522
25468	29737
25468	29738
25468	60465
25469	50522
25470	113894
25470	29161
25470	299850
25470	25522
25470	29564
304007	114027
287624	290364
25481	29332
25481	29246
307351	24392
307351	307594
304012	307594
25485	50522
25485	290364
25488	114027
304017	50522
25490	50522
25490	24890
25493	24514
25493	682787
25494	290364
312912	114027
361370	361677
361370	140670
25506	24786
25506	290364
25508	50522
25509	307594
689064	290364
25513	29376
25513	64193
25513	81812
25513	84021
25513	500985
25513	29627
25513	170911
361388	24329
361388	54245
25517	54244
25518	24392
25518	50522
25518	290364
361391	367218
25522	81730
25522	170851
25522	113894
25522	29542
25522	29738
25522	58960
25522	170840
25522	60383
287670	360514
287670	298012
287670	24231
25528	50522
25528	60450
25528	25622
500666	303811
500666	25636
500666	297893
500666	83721
500666	289229
500666	64462
500666	24245
500666	311163
500666	690366
25531	171123
25531	290364
25537	60590
25538	307594
25538	117287
680097	499417
304074	499417
353227	50664
353227	117277
25551	50522
689108	499417
25558	315600
25558	83589
25558	83610
25558	81803
25558	292464
25558	296083
25558	116470
25558	362263
25558	50522
25558	290364
25558	81802
25558	296159
361431	50522
25562	307594
25562	64525
25562	81807
287709	499417
287709	50522
287709	114027
287710	50522
25567	290364
361442	307594
246755	50522
246756	25625
246756	50522
246756	306886
246757	29495
246757	54257
246757	301555
246757	362356
246757	29559
246757	50522
353255	50522
25576	25489
25576	50522
25576	307594
25577	25489
25577	50522
25577	290364
25578	83718
25578	117287
25578	24392
25578	684112
25578	50522
25578	290364
25581	117152
25581	81827
25581	59109
25581	24231
25581	117526
25581	50522
680944	290364
25585	171046
295922	114027
246772	290364
25591	117056
25591	54244
25591	362533
25591	317256
25591	29577
25591	363633
25591	64627
25591	252855
25591	25498
25591	301164
25591	83805
25591	64012
295929	24392
295929	498697
25594	307594
25594	114027
25595	292464
25595	50522
25595	290364
25595	24242
25596	499417
25596	360514
25596	83499
25596	298012
56227	117542
56227	81822
25600	362715
25600	307548
25603	24242
25609	307594
445271	50522
25613	116640
25613	84008
25613	117258
25613	192117
25613	29495
25613	59323
25613	316477
25613	64053
25614	686098
25614	24511
25615	83841
25615	307594
25615	116673
25615	84016
25617	445442
25617	24392
25617	192235
25617	362862
25617	116598
25617	290364
25617	81727
25620	50522
287765	499417
287765	114027
304150	50522
25624	50522
25624	290364
287772	360514
25630	24392
25630	298012
25630	50522
25630	290364
25631	25705
25631	24185
25631	114505
25632	24392
25632	50522
25636	294568
25636	81518
25636	499088
25636	308212
25636	29560
25636	290364
25636	89789
25636	50522
361509	60590
25638	307940
25638	282827
25639	50522
25642	50522
25650	50522
25650	290364
156726	94201
361527	24392
115769	24392
115771	50522
361532	50522
361532	290364
25663	361677
25665	29712
25671	116643
25672	50522
25673	24392
25673	50522
304203	50522
25676	312477
25679	50522
25679	114027
25679	290364
25686	50522
25686	290364
25688	297498
25688	64470
25688	302502
25690	282827
25690	50522
25690	299331
287835	499417
25697	24392
25698	307594
25700	50522
25705	501099
361585	298012
25715	50522
25716	50522
25716	290364
25718	116500
25718	293692
25721	24392
25721	290364
25722	24242
688319	307594
312444	24392
312444	114027
312444	290364
25728	50522
25728	114027
25729	84353
25729	362817
25729	24525
25729	291145
25731	50522
287876	29495
287877	24392
25736	499417
25736	301442
25736	690244
25736	25573
25736	116470
25737	494521
25737	290364
25737	84350
25738	81504
25738	65178
25739	24392
25739	307594
25739	114027
25739	24242
25739	50522
25739	290364
25740	50522
25740	290364
25741	50522
25745	499417
25745	290354
25745	114027
360643	307594
360643	64515
360643	24525
360643	83502
25750	114027
25751	686098
25751	54323
25751	308578
312477	85385
312477	54259
361630	499417
140447	50522
140447	290364
296115	307594
312502	307594
296121	314764
296121	59109
287930	307594
304315	50522
500929	117287
287942	116554
287942	360820
360652	58948
360652	309774
360652	113970
360652	64053
360652	29495
360652	362938
360652	171093
361675	50522
361675	290364
361677	301442
361677	83427
361677	25573
361677	691974
361677	306626
361677	140926
361677	83422
361677	501625
361677	50522
361677	94266
361677	140670
245965	290364
361684	307594
24786	24392
24786	117287
287984	24392
287984	290364
287986	24392
83497	50522
500985	81504
500985	54251
500985	54245
500985	81515
500985	309168
500985	686098
500985	85385
500985	24329
500985	50522
500985	306141
500988	307594
140547	24392
296197	24392
689421	307594
315608	116643
288022	50522
312607	117096
312607	306636
312607	155268
312607	116647
140586	54244
83506	24242
83506	78975
83506	171503
140593	29219
501052	50522
361791	24392
288064	24392
288064	307594
304469	24383
304470	307594
361815	308669
50522	362504
50522	83629
50522	290851
50522	290864
50522	84020
50522	50671
50522	84026
50522	684097
50522	25270
50522	314721
50522	305227
50522	313427
50522	305240
50522	59265
50522	362599
50522	497770
50522	63847
50522	29715
50522	315509
50522	682105
50522	313474
50522	79212
50522	79213
50522	553106
50522	297109
50522	297113
50522	684192
50522	79558
50522	170699
50522	690345
50522	300744
50522	307382
50522	364729
50522	299203
50522	312694
50522	317646
50522	29748
50522	304978
50522	309684
50522	140670
50522	307459
50522	362759
50522	305420
50522	307474
50522	64559
50522	117021
50522	117028
50522	315691
50522	24877
50522	117042
50522	309557
50522	362809
50522	313658
50522	364878
50522	498002
50522	81637
50522	362849
50522	362855
50522	117096
50522	362860
50522	266609
50522	24948
50522	24957
50522	84353
50522	63879
50522	246153
50522	307594
50522	302938
50522	315789
50522	315798
50522	84379
50522	367012
50522	84390
50522	362923
50522	84403
50522	297406
50522	266688
50522	305614
50522	29138
50522	29139
50522	29150
50522	301535
50522	297453
50522	29167
50522	301555
50522	84472
50522	29179
50522	84484
50522	117254
50522	301575
50522	170509
50522	117262
50522	117263
50522	305923
50522	313876
50522	29205
50522	116484
50522	266780
50522	117277
50522	84511
50522	117281
50522	117282
50522	29219
50522	117284
50522	83718
50522	293418
50522	29236
50522	64053
50522	25012
50522	363274
50522	29253
50522	84550
50522	116493
50522	192270
50522	64086
50522	114105
50522	297566
50522	299617
50522	288529
50522	84584
50522	84588
50522	307821
50522	297593
50522	288533
50522	363140
50522	680955
50522	287380
50522	309912
50522	84420
50522	29340
50522	64158
50522	29353
50522	29357
50522	170673
50522	29364
50522	29367
50522	56003
50522	116638
50522	56010
50522	56011
50522	289229
50522	307926
50522	170714
50522	56029
50522	29409
50522	29423
50522	29425
50522	170739
50522	29428
50522	29432
50522	170751
50522	29441
50522	29483
50522	117514
50522	29452
50522	94338
50522	29456
50522	29457
50522	56082
50522	291609
50522	29466
50522	307997
50522	29477
50522	29489
50522	29482
50522	64302
50522	117553
50522	64306
50522	64307
50522	117556
50522	117557
50522	29495
50522	29496
50522	50655
50522	316221
50522	29502
50522	170821
50522	289606
50522	117559
50522	365388
50522	29525
50522	29528
50522	117596
50522	170848
50522	64356
50522	64358
50522	29545
50522	29546
50522	64364
50522	362301
50522	498545
50522	80754
50522	64372
50522	64373
50522	29560
50522	299909
50522	29579
50522	29584
50522	29592
50522	29593
50522	29595
50522	29598
50522	29599
50522	29600
50522	361381
50522	316333
50522	619440
50522	289608
50522	363445
50522	293705
50522	29627
50522	29628
50522	299850
50522	310207
50522	60355
50522	691149
50522	299982
50522	117056
50522	289745
50522	54226
50522	291796
50522	293852
50522	60384
50522	54241
50522	54257
50522	29682
50522	252919
50522	64508
50522	60416
50522	64516
50522	29704
50522	29705
50522	252939
50522	64524
50522	29710
50522	498704
50522	83800
50522	64531
50522	64532
50522	29718
50522	29719
50522	54296
50522	24176
50522	298012
50522	54301
50522	54302
50522	310306
50522	64547
50522	54309
50522	498728
50522	54319
50522	29738
50522	84487
50522	300079
50522	498736
50522	171058
50522	54323
50522	310324
50522	364382
50522	306231
50522	29753
50522	29757
50522	314432
50522	314442
50522	80977
50522	191575
50522	191576
50522	305679
50522	290055
50522	24383
50522	308322
50522	78948
50522	81766
50522	171114
50522	498798
50522	64624
50522	316531
50522	298103
50522	64551
50522	613226
50522	291966
50522	64640
50522	24768
50522	171140
50522	116653
50522	291981
50522	60562
50522	60568
50522	301252
50522	64667
50522	79011
50522	64678
50522	362353
50522	308393
50522	306349
50522	84509
50522	685232
50522	116595
50522	29214
50522	363707
50522	289990
50522	292051
50522	503000
50522	298201
50522	29562
50522	140729
50522	83835
50522	113893
50522	29564
50522	29565
50522	85238
50522	60666
50522	60668
50522	170538
50522	290046
50522	113927
50522	79113
50522	85264
50522	79125
50522	79130
50522	367902
50522	64803
50522	79146
50522	363823
50522	113970
50522	292148
50522	365877
50522	60466
50522	300359
50522	499022
50522	85327
50522	363858
50522	310612
50522	171350
50522	501083
50522	498234
50522	294239
50522	171361
50522	363875
50522	260326
50522	301309
50522	361831
50522	266759
50522	314730
50522	291047
50522	114028
50522	171373
50522	140654
50522	140657
50522	361844
50522	29246
50522	361846
50522	79223
50522	24468
50522	50557
50522	29248
50522	50567
50522	50568
50522	685451
50522	79248
50522	171410
50522	171411
50522	140694
50522	58948
50522	363930
50522	50592
50522	298410
50522	501167
50522	288584
50522	81815
50522	81822
50522	288182
50522	29257
50522	308669
50522	58814
50522	114114
50522	114117
50522	56781
50522	363982
50522	497913
50522	60324
50522	170917
50522	50658
50522	83427
50522	305021
50522	314856
50522	100126191
50522	56816
50522	361970
50522	85491
50522	29443
50522	302593
50522	29271
50522	65037
50522	25747
50522	361999
50522	65040
50522	54190
50522	362454
50522	298532
50522	306439
50522	83501
50522	288305
50522	290356
50522	312890
50522	58940
50522	58945
50522	114244
50522	65096
50522	83529
50522	83532
50522	58960
50522	312915
50522	81002
50522	298584
50522	59322
50522	81504
50522	81507
50522	304743
50522	261736
50522	293820
50522	296554
50522	81515
50522	140908
50522	81518
50522	65136
50522	298609
50522	499314
50522	83571
50522	83572
50522	192117
50522	65142
50522	83731
50522	140922
50522	83579
50522	24189
50522	290364
50522	83585
50522	308869
50522	362788
50522	257644
50522	308875
50522	24211
50522	24212
50522	24213
50522	304791
50522	298648
50522	192154
50522	64160
50522	83613
50522	24223
50522	257648
50522	308900
50522	81574
50522	81521
50522	294568
50522	65138
50522	289820
50522	24239
50522	364208
50522	83633
50522	24242
50522	192179
50522	362165
50522	24246
50522	26295
50522	65208
50522	65209
50522	288444
50522	362173
50522	89791
50522	313024
50522	59074
50522	501841
50522	24264
50522	192204
50522	296654
50522	116685
50522	89808
50522	58979
50522	192213
50522	499417
50522	29647
50522	364154
50522	89825
50522	81634
50522	81636
50522	59109
50522	81757
50522	64465
50522	83688
50522	59114
50522	57298
50522	81646
50522	311024
50522	116470
50522	81657
50522	24191
50522	362238
50522	81666
50522	304900
50522	60374
50522	116486
50522	24329
50522	683788
50522	24333
50522	81678
50522	81681
50522	309010
50522	298771
50522	64846
50522	192277
50522	64470
50522	116504
50522	116509
50522	29521
50522	317218
50522	29660
50522	294708
50522	81717
50522	300857
50522	311098
50522	24379
50522	24380
50522	309053
50522	679221
50522	116546
50522	24387
50522	83806
50522	83782
50522	24392
50522	304971
50522	83788
50522	83789
50522	315215
50522	24401
50522	114514
50522	116563
50522	302934
50522	24408
50522	29668
50522	64030
50522	192349
50522	81758
50522	29669
50522	298848
50522	362339
50522	24420
50522	50664
50522	302950
50522	81767
50522	363836
50522	81773
50522	81775
50522	81777
50522	65171
50522	362356
50522	24438
50522	29673
50522	24440
50522	362361
50522	298875
50522	302973
50522	362816
50522	24451
50522	362375
50522	298890
50522	24215
50522	24410
50522	29677
50522	122772
50522	24413
50522	24471
50522	81818
50522	309147
50522	65178
50522	114590
50522	81824
50522	81826
50522	116643
50522	309158
50522	29662
50522	78967
50522	50871
50522	313264
50522	24503
50522	25675
50522	64159
50522	116725
50522	432358
50522	288707
50522	292804
50522	24520
50522	24521
50522	309196
50522	24525
50522	116681
50522	317396
50522	24533
50522	24534
50522	116698
50522	24890
50522	24547
50522	24551
50522	362477
50522	94193
50522	116724
50522	94197
50522	116727
50522	293546
50522	679934
140639	83809
140639	116643
140639	298012
140639	84478
501088	307594
304488	307594
288105	499417
304490	307594
501099	314436
501099	315151
140654	29219
140654	117287
140654	24392
140654	114027
140654	499417
140654	290364
140655	24392
140655	290364
361840	307594
140657	83810
140661	24392
296313	290364
140667	307594
140668	307594
50557	24392
50557	25489
50557	315707
50557	83805
140670	313474
140670	24468
140670	140694
140670	296344
140670	65178
140670	60443
140670	117277
140670	117028
140670	29491
140670	293684
140670	300250
140670	290364
140670	313934
140670	362965
140670	54241
140670	64678
140670	114027
140670	60668
140670	84479
140671	24242
140673	114027
140673	290364
140674	58974
50567	290364
304522	56082
157074	24392
157074	114027
140694	117028
140694	83782
140694	83718
140694	116743
140694	60668
140694	140908
140694	308578
140694	686098
140694	290364
100910660	307594
361884	24392
304542	24392
50592	315840
50592	313474
50592	114027
50592	311055
50592	290364
50592	24318
50594	114590
124323	29219
288174	24392
296369	298012
140722	29647
140729	307594
58814	290364
681410	499417
58819	24392
304581	307594
361927	290364
681418	114027
501203	290364
501206	307594
303353	360514
83422	499417
58960	54292
58960	59109
83427	499417
83427	290364
50662	499417
50664	290364
58857	114027
58857	290364
50671	298012
50671	290364
361970	64547
50686	24185
50687	29496
50687	24337
50687	315159
50689	54321
50689	29527
50689	116590
50689	64193
50693	290364
361999	307594
304656	117287
288275	25489
83477	78971
362013	290364
58918	63879
58920	24392
58920	307594
58921	29560
83499	252921
83499	29753
83499	365388
83500	291553
83501	29616
83502	362817
83502	295052
304690	307594
362036	114027
362036	305614
362036	116690
362036	29715
362036	24211
362036	24213
362036	24212
362036	64159
58940	290364
363445	29219
363445	307594
363445	299694
363445	117277
58945	29219
83523	499417
58948	117096
58948	117542
58948	116647
310207	307594
83529	24392
83529	499417
83529	290364
58954	81518
83531	24392
83531	499417
83531	290364
83532	24392
83532	290364
83533	24392
58959	24242
58959	29151
26192	24392
26193	24392
26195	24392
26198	499417
26198	290364
58968	290364
26201	24392
26202	24392
58974	54241
58974	29709
58974	64845
58979	290364
313163	307594
58982	116640
58982	290364
360721	114027
312937	307594
312937	59109
312937	85431
296554	24392
296554	290364
296554	307594
140908	307594
140908	56816
140908	85238
140908	307511
140908	116671
140908	290364
140908	171102
140908	171103
83569	308578
83571	100190936
83571	289508
83571	294790
140922	290364
140926	24208
140926	297893
140927	307594
83585	290364
140930	63879
140931	24392
140931	29219
140931	290364
312965	116643
140941	24418
140941	29219
140941	116554
140941	307309
140941	24414
140941	24383
140945	290364
83610	307594
83610	116470
83610	192254
83610	60391
83611	307594
83612	114027
83612	290364
83613	24392
83613	499417
83613	290364
83613	60445
83614	60590
83615	290364
83616	114027
83618	84580
83618	363287
83620	364686
362152	24392
362152	29219
362152	290364
304809	499417
50864	114027
50864	290364
83633	81657
83633	81827
83633	290364
362165	361712
100361915	362721
689852	298012
59074	362849
362182	24392
64460	290364
100034253	307594
59086	308212
59087	171500
80846	499417
80846	305123
313047	117287
304859	499417
313052	305614
313052	64159
296570	117287
83681	84607
689890	307594
59108	290364
59109	58838
59109	113894
59109	29448
59109	291983
59109	314764
59109	311245
59109	293621
59109	114486
59109	85385
59109	89817
59109	83823
59109	363836
59109	171293
59109	54292
59114	25303
59117	307594
116464	114027
304883	282843
362110	54254
116470	83589
116470	81804
116470	315600
116470	25012
116470	290364
83709	362738
83709	314764
362242	307594
116483	24392
116483	290364
362245	64158
83718	29753
83718	81822
83721	83824
83721	79257
83721	499088
83721	308212
83725	24242
24877	290364
116500	308578
116500	293692
362263	171297
362263	60391
362263	116595
362263	116508
362264	290364
116506	24242
116508	307594
116508	29647
83589	60391
83589	307594
83589	29647
83589	25012
313121	65248
362281	307594
50993	290364
83765	116644
83765	308690
83765	114027
83765	290364
362298	499417
362301	81715
116549	307594
116549	290364
116549	24410
116549	89789
116550	307594
116550	290364
83785	29560
116554	24516
83789	29219
83789	114027
116561	83800
116561	290364
304979	114027
83800	116643
83800	117028
83800	117287
83800	60668
83800	290364
83800	117277
310244	307594
362332	24392
362332	499417
83805	29577
83805	293515
83805	306636
83805	29428
83805	25097
83805	24408
83805	24180
83805	94202
83805	315707
83806	24392
83807	81757
24890	81827
24890	84584
24890	313929
24890	297994
24890	117553
24890	363096
24890	60445
83809	116643
83809	298012
83810	171026
362339	361712
362342	60590
288620	24392
116590	24768
116590	363875
116590	54321
116590	24547
116590	65204
116590	29527
116590	24767
83823	29627
83823	59293
83825	290364
116595	307594
116595	29647
501621	499417
501621	298012
116598	192235
116598	445442
116598	362862
116601	290364
305021	114027
362368	307594
83841	306636
83841	29559
83841	29627
83841	445438
59267	307594
59267	290364
362375	307594
499529	24392
499529	114027
314349	290364
288664	307594
288666	24392
116636	81650
116636	117045
116636	56718
116638	29219
116638	290364
362401	24392
501403	499417
501403	60590
116644	290364
116647	78957
116647	309774
116647	59312
116647	113970
116647	64053
116647	29495
116647	84591
681896	290364
116651	170915
116653	290364
116654	317371
116655	499417
116655	290364
59312	24418
59312	81859
59312	117096
59312	29546
59312	65040
59312	290364
59312	64159
59317	290364
59318	114027
59319	56816
59322	290364
59323	432361
59323	29709
116668	307594
116671	307594
116673	307594
690116	499417
116677	24273
305095	307594
362440	114027
362440	290364
116681	290364
116685	81641
116685	307594
116685	114027
116685	64204
116685	24392
116685	290364
116690	84394
116690	114027
116690	290364
116691	307594
116692	79121
116692	192254
116697	307594
116698	499417
288731	290364
362461	307594
305123	299331
305123	64550
305123	81822
305123	363854
305123	298066
305123	252855
362479	117287
288753	63879
690163	24392
116728	290364
296966	114027
116743	290364
116743	85238
288778	499417
288778	290364
305178	24392
305178	307594
305178	290364
362533	24370
84006	24547
84006	113894
84008	117258
84008	114027
84008	290364
84012	114027
84012	290364
84013	24392
84014	81757
84016	65218
84016	29627
84016	306636
84016	445438
84019	54226
84027	84353
84027	29219
84027	399489
84027	114028
84027	24205
84027	315707
84027	24185
84027	362587
84032	290364
690244	81022
313413	57025
313413	290364
362566	64525
362566	81807
305227	290364
305227	117287
305242	307594
362587	84353
362587	290364
362587	24205
362587	79257
60432	24242
305251	314856
362599	290364
362612	307594
313474	81637
313474	298598
313474	171050
313474	312694
313474	308578
313474	83782
313474	85238
362631	499417
362631	29219
362631	290364
362634	24392
362634	307594
362634	290364
313494	24511
297113	499417
297113	117287
362672	307594
305332	24392
690366	499088
690366	308212
362687	307594
311671	24392
246136	24392
81637	117028
81637	312694
81637	114027
81637	117277
81637	85238
81637	65178
81637	60668
81637	290364
296654	290364
100362458	307594
362715	307594
362721	312083
362721	287535
501998	307594
24957	290364
493810	24392
493810	290364
313593	307594
64554	290364
362750	290364
690441	290364
117016	307594
117018	29161
117024	307594
117024	290364
117028	54241
117028	308578
117028	85238
117028	298598
117028	60668
117028	114027
117028	312694
117028	79451
117028	290364
117034	301164
117036	114505
171058	290364
313647	307594
313647	114027
313648	114027
305457	24392
305457	290364
117042	24392
117042	499417
117042	290364
293939	290823
313658	298012
117053	307594
362817	84353
362817	291145
362817	24525
362817	64033
362817	24438
314423	499417
26962	117287
305501	29382
362849	364033
362849	65033
362849	364878
362849	85327
362849	60562
305506	499417
362855	29219
362855	290364
117096	78957
117096	309774
117096	113970
117096	64053
117096	29495
117096	84591
313707	307594
26989	290364
362862	445442
362862	29219
362862	117287
362862	24392
362862	290364
117103	317576
297336	499417
84347	290364
84351	311245
84352	307594
84353	295052
84353	307594
84353	114028
84353	24205
84353	499088
84353	308212
84353	290364
84356	29219
100362640	24392
100362640	114027
100362640	290364
362897	114027
641434	24392
641434	290364
84379	317576
297376	307594
84390	291553
84391	307594
84391	290364
84394	290364
641452	307594
289197	114027
100362678	170915
289211	54259
289218	114027
289218	290364
362952	499417
289229	499088
289229	308212
305614	81634
305614	29715
305614	309557
305614	24212
305614	64159
289231	290823
362965	499417
362965	25573
362969	298012
297436	290364
294962	114027
294962	290364
100362725	307594
289257	24392
304893	307594
313845	29704
313845	85385
84476	54287
363005	499417
84478	116643
84478	298012
84479	290215
84482	314856
84482	309757
27139	290364
84484	114027
84484	290364
312694	308578
312694	85238
312694	60668
312694	65178
312694	290364
117254	24392
117254	298012
117254	290364
84487	290364
117258	290364
313867	24392
117262	24231
117263	81827
117263	117526
117263	24231
84496	24392
117265	297570
117265	78948
117277	54241
117277	60668
117277	308578
117277	116563
117277	290364
117277	64158
117280	499417
117280	307594
117282	24392
117282	290364
117282	117287
117284	307594
117287	291434
117287	28298
117287	117515
117287	64527
117287	299027
117287	122772
117287	171374
117287	25498
117287	122799
117287	29214
117287	64160
117287	116643
117287	291877
117287	287633
117287	64551
117287	64302
117287	307503
117287	64306
117287	64307
117287	117557
117287	29752
117287	24159
117287	290364
117287	29578
117287	362816
117287	171361
117287	56010
117287	24248
117287	291671
117287	29219
117287	315989
117287	29271
117287	316123
117287	25309
117287	64158
117287	114597
117287	60384
117287	54241
117287	29282
117287	362595
117287	29144
117287	29275
117287	24551
117287	81773
117287	29565
117287	366448
117287	29374
117287	29304
117287	63868
117287	29437
117287	29456
297516	290364
297518	24392
295347	24392
295347	499417
295347	307594
444985	84577
363067	307594
289352	499417
363083	291245
363084	307594
363093	114512
297566	290364
84576	499417
84577	60563
84584	301442
84584	691903
363113	24392
363113	290364
84588	290364
84591	306636
84591	54257
84591	29559
84591	29627
297593	116643
297593	298012
171114	290364
363135	499417
363140	94201
363140	294790
363150	24392
494223	307594
305827	307594
64627	81736
64627	307594
64627	290364
64627	29274
494265	290364
363194	499417
84685	192152
84685	290364
171129	307594
363228	307594
297694	307594
297699	307594
297727	307594
117512	24231
680407	307594
117517	24231
117521	307594
305940	114027
117526	117152
117526	81827
363287	367218
363287	81518
363287	310461
297755	114027
297755	290364
297756	499417
117536	290364
682787	499417
305884	307594
117542	308113
117542	113970
117542	60377
117542	290364
117542	361503
117543	24392
690987	24392
690987	307594
117550	24392
117550	290364
305967	171097
289584	64156
117556	290364
117557	290364
117557	307594
117559	290364
291295	307594
289615	114027
25059	24392
306007	499417
306007	307594
117596	114027
117596	290364
81659	290364
289641	307594
494445	29219
360937	307594
66026	24180
306066	307594
306079	499417
494499	307594
60324	290364
297893	309165
297893	60563
297893	308212
297893	81758
60328	290364
60331	64158
60335	298012
60335	307594
60335	290364
60341	24242
60341	171503
494521	289758
60355	29627
60355	290364
60355	24318
297930	24768
691149	24392
691149	266729
691149	290364
363474	114027
60373	499417
60374	499417
60374	290364
60383	315713
60383	54244
60391	171297
60391	307594
60391	29647
306157	307594
116563	29659
116563	290364
25086	299331
25086	24516
25086	24518
25086	266759
60416	290364
445442	192235
60421	499417
297994	266759
297994	24468
297994	24185
314384	499417
60442	499558
60443	64158
298012	498433
298012	266759
298012	366189
298012	364694
298012	29338
298012	81818
298012	116643
298012	299052
298012	81822
298012	29221
298012	24248
298012	64701
298012	29630
298012	24383
298012	24387
298012	316740
298012	24265
298012	299850
298012	56781
298012	29220
298012	56611
298012	291796
298012	293719
298012	29275
298012	25309
298012	171361
298012	287716
298012	311078
298012	113894
298012	29677
298012	65138
298012	302328
298012	315771
298012	29565
298012	498174
298012	24191
60445	117089
60445	24242
60449	307594
60449	290364
298019	307594
60466	114027
25097	81822
25097	50646
25097	282838
314432	499417
314442	499417
314442	290364
117855	113938
25747	314856
25747	497778
191595	290364
64701	360514
363633	29577
100363379	499417
60563	84578
306327	24392
306332	290364
306332	499558
289950	24392
289950	290364
313200	24392
60590	293860
60590	300772
60590	25573
306380	307594
60628	290364
362361	24392
362361	499417
362361	290364
298203	114027
298203	290364
25125	29468
500262	307594
314598	499417
85238	298598
85238	60668
85238	290364
60666	24392
60668	54241
60668	308578
60668	298598
60668	114027
60668	79451
60668	290364
60668	308709
314621	114562
314621	299331
314621	78975
290046	499417
290046	290364
85253	307594
85273	24408
306460	290364
503073	307594
691496	81736
691496	29274
683313	24392
363836	257648
363854	29527
363854	114027
85327	499558
85333	24392
85333	307594
85333	290364
314717	307594
314721	290364
363875	291081
363875	170538
363875	302965
363875	290364
363875	64158
307774	307594
498922	307594
314751	307594
85385	81504
85385	24329
85385	54259
306570	114027
314764	307594
314764	114023
363925	24392
85421	307594
85423	64513
85423	54323
85431	24472
306636	29192
306636	316369
306636	29495
116643	685859
116643	24392
116643	24239
116643	29144
116643	170509
116643	24223
314836	307594
314856	301442
314856	24176
314856	29495
314856	29527
314856	29560
314856	24413
314856	54302
100126191	290364
85489	171046
85492	24392
314904	307594
314906	290364
314910	499417
25489	170848
25489	29376
25489	29509
25489	56010
25489	56011
25489	24768
25489	24392
25489	29682
25489	291609
25489	29753
25489	24412
25489	24767
290354	315840
290354	81634
290354	63836
290354	293860
290356	114027
290356	307594
500319	290364
290364	290823
290364	94271
290364	114766
290364	364678
290364	317576
290364	79213
290364	64200
290364	29386
290364	499903
290364	299201
290364	301252
290364	260321
290364	497902
290364	29275
290364	291081
290364	307498
290364	54322
290364	299331
290364	299357
290364	117099
290364	29757
290364	63864
290364	63868
290364	301458
290364	117152
290364	25012
290364	364996
290364	362816
290364	29138
290364	29150
290364	100911597
290364	29179
290364	266759
290364	29205
290364	29211
290364	29214
290364	29236
290364	64053
290364	64057
290364	29242
290364	291394
290364	367171
290364	29253
290364	293448
290364	29258
290364	84556
290364	29271
290364	299609
290364	29287
290364	29288
290364	29331
290364	406167
290364	29338
290364	29339
290364	361118
290364	64159
290364	365216
290364	64161
290364	170667
290364	170670
290364	29364
290364	29374
290364	56003
290364	64196
290364	29384
290364	64201
290364	56010
290364	64204
290364	64205
290364	56029
290364	266975
290364	29409
290364	498407
290364	29423
290364	56064
290364	29445
290364	29448
290364	29456
290364	29457
290364	299809
290364	29478
290364	29482
290364	29483
290364	64303
290364	365360
290364	29489
290364	64306
290364	29491
290364	29507
290364	299850
290364	29495
290364	29154
290364	29521
290364	29528
290364	293725
290364	170851
290364	678759
290364	29546
290364	29548
290364	29554
290364	29561
290364	29565
290364	29593
290364	29598
290364	29599
290364	29600
290364	170923
290364	293705
290364	29662
290364	54241
290364	29681
290364	29687
290364	29693
290364	252934
290364	24410
290364	171039
290364	171041
290364	64551
290364	498736
290364	29753
290364	171069
290364	171093
290364	171116
290364	78957
290364	78958
290364	171121
290364	316531
290364	294010
290364	361596
290364	171140
290364	64647
290364	64302
290364	171155
290364	79011
290364	300218
290364	29218
290364	310533
290364	79120
290364	113965
290364	64832
290364	310612
290364	171350
290364	171361
290364	294250
290364	171373
290364	171374
290364	79220
290364	140665
290364	79250
290364	79256
290364	308650
290364	114096
290364	171443
290364	81822
290364	56768
290364	114114
290364	114122
290364	56781
290364	294362
290364	81829
290364	315648
290364	65040
290364	298584
290364	65042
290364	65046
290364	64633
290364	170587
290364	298566
290364	79433
290364	24153
290364	24468
290364	29627
290364	298596
290364	24171
290364	192117
290364	293481
290364	24170
290364	65152
290364	300677
290364	65158
290364	24211
290364	24212
290364	24213
290364	24214
290364	24215
290364	65178
290364	24232
290364	364208
290364	24242
290364	24245
290364	24246
290364	291103
290364	89791
290364	65218
290364	161477
290364	24265
290364	24183
290364	81634
290364	81643
290364	65262
290364	24189
290364	311024
290364	192241
290364	81650
290364	81653
290364	81654
290364	192249
290364	81661
290364	192255
290364	81664
290364	81666
290364	192235
290364	192268
290364	24333
290364	29663
290364	24383
290364	81728
290364	24387
290364	81732
290364	24392
290364	24400
290364	114514
290364	24408
290364	81754
290364	81755
290364	81765
290364	81768
290364	81773
290364	81774
290364	65171
290364	292732
290364	140608
290364	122772
290364	81818
290364	114597
290364	94193
290364	122799
290364	64158
290364	24503
290364	64160
290364	24520
290364	24525
290364	103690190
290364	294864
290364	24533
290364	94167
290364	94173
290364	24547
290364	366568
290364	24558
290364	24560
290364	94194
290364	171375
290364	94197
306759	307594
298575	29219
298584	266729
290401	24392
298596	114027
290408	307594
192117	307594
29290	24329
29290	309557
303185	65248
298648	56816
298648	499417
298648	114027
683687	307594
289820	24392
289820	29219
306871	114027
691903	362827
298696	29560
192226	24392
192245	24392
192254	24416
192254	24418
192254	113970
192254	29495
192254	24414
192254	24415
192255	24392
192255	84477
192258	113894
683788	499417
192277	292464
315159	171350
315170	307594
25223	64646
25223	64647
290614	307594
290631	307594
81822	553106
81822	24511
192348	307594
192348	682507
302395	24392
192359	307594
364398	24239
287379	24392
295284	171500
364458	114027
298942	24392
298942	307594
25248	301442
298947	64193
94167	24773
94173	24392
94173	307594
94173	114027
94193	307594
94194	24392
94197	317576
94197	499417
94201	64033
94201	24525
290823	29192
290823	114027
290823	365872
290823	292788
299052	499417
290868	24392
290880	24392
25270	79121
171361	29219
171361	499417
684112	310615
307309	366975
53372	65274
364678	114027
192647	24392
364686	171097
364686	29717
364686	24316
553106	54241
553106	24383
303811	499088
303811	308212
299159	307594
367307	307594
364716	24392
291006	307594
299199	114027
299201	24392
282837	307594
282840	170915
282843	56029
307429	307594
307446	307594
315644	307594
315649	310615
291078	307594
291081	499417
307474	499417
291103	114027
299739	114027
315686	307594
307498	307594
299310	114027
315696	307594
307505	307594
307511	29753
315707	24392
315707	64019
315708	307594
315713	499417
299331	24392
299331	24329
299331	682507
299331	24300
299331	292464
299331	24296
299331	29219
299331	170538
299331	499417
299331	24185
299331	24413
299331	81515
291145	170538
291145	295052
291145	29340
291145	54237
299347	24338
291556	499417
307548	307594
171410	307594
307585	307594
201097	307594
201097	29219
307594	366605
307594	309331
307594	317576
307594	316098
307594	293016
307594	309460
307594	309548
307594	301363
307594	63845
307594	366964
307594	301438
307594	366992
307594	81646
307594	300786
307594	364975
307594	307641
307594	266686
307594	29139
307594	301529
307594	291309
307594	498174
307594	315903
307594	29209
307594	29213
307594	29214
307594	29221
307594	29224
307594	498099
307594	64060
307594	307779
307594	309828
307594	170577
307594	29278
307594	361055
307594	29288
307594	64133
307594	307850
307594	309901
307594	170641
307594	309928
307594	300147
307594	293570
307594	29384
307594	291534
307594	29393
307594	308003
307594	170724
307594	498407
307594	29425
307594	29436
307594	117515
307594	686883
307594	365352
307594	64301
307594	299824
307594	29489
307594	64352
307594	64391
307594	29578
307594	24387
307594	25498
307594	299940
307594	170922
307594	291755
307594	252892
307594	316384
307594	29667
307594	304109
307594	29681
307594	29687
307594	54287
307594	54293
307594	54304
307594	498736
307594	619577
307594	365662
307594	308335
307594	171120
307594	316531
307594	361596
307594	300158
307594	171140
307594	361605
307594	296076
307594	302247
307594	300218
307594	316611
307594	308441
307594	310544
307594	81807
307594	171374
307594	316794
307594	79428
307594	308650
307594	114096
307594	54705
307594	366017
307594	58821
307594	368070
307594	368088
307594	308742
307594	155151
307594	114202
307594	114210
307594	310833
307594	687711
307594	81518
307594	294512
307594	65164
307594	24245
307594	24246
307594	24248
307594	366276
307594	308942
307594	24525
307594	89825
307594	81634
307594	65262
307594	81650
307594	499443
307594	311033
307594	311078
307594	499497
307594	317232
307594	300850
307594	499523
307594	81738
307594	100360015
307594	114515
307594	300889
307594	81757
307594	24423
307594	353256
307594	24440
307594	687994
307594	311163
307594	311166
307594	24450
307594	317322
307594	292755
307594	292771
307594	363275
307594	24513
307594	24520
307594	57298
307594	24534
307594	24547
307594	679910
307594	499688
307594	57341
307594	81918
29138	114027
29139	24392
29139	293705
29144	81827
29144	29548
29144	29219
29144	24414
29150	499417
29151	64680
29158	24392
29167	29564
29179	24242
365057	56011
365057	65179
266759	29219
266759	24392
266759	24300
266759	301517
266759	24296
266759	114486
266759	499417
266759	24413
684558	114027
29209	24392
29213	24392
29214	24392
29214	29424
29214	499417
315936	499417
29219	64640
29219	294282
29219	64527
29219	24468
29219	65262
29219	65028
29219	64160
29219	171041
29219	302500
29219	291877
29219	29340
29219	54318
29219	24242
29219	29258
29219	301252
29219	56011
29219	24400
29219	29304
29219	362595
29219	291671
29219	79449
29219	29275
29219	29489
29219	64862
29219	24159
29219	54241
29219	170851
29219	29284
29219	81774
29219	252902
29219	81767
29219	291434
29219	64367
29219	65136
29219	29374
29219	81732
29219	64551
29219	64639
29219	63868
29219	29437
29219	24191
29236	24392
266806	114027
29242	114027
295690	24392
114101	24392
29248	24566
29253	114027
29258	24392
29271	24392
29271	24211
29272	114027
29274	64646
29274	64647
29282	24392
29284	499417
29286	24392
29287	114027
29288	24392
307820	499417
307821	24392
307821	81827
307821	29677
307821	24231
29304	114027
29309	24392
29338	24392
29345	499417
29357	114505
29361	499417
29366	24392
29374	24392
29376	81504
29376	24514
29376	29741
29431	64465
29432	64465
29432	24547
29437	24392
29437	499417
29437	65204
29448	114027
29456	114027
29457	24242
29468	24392
29468	54300
29477	114512
29477	171041
29477	309159
29482	114027
29489	24392
29489	114027
29489	64845
29491	308578
29491	682507
29495	309168
29495	54257
29495	54323
29495	24408
29495	24409
29495	311055
29495	24410
29495	29644
29496	432361
29497	499417
365377	24392
365382	114027
299850	29564
29515	499417
365388	24392
291671	24392
291671	79563
500538	114505
299872	24392
316258	309696
316258	64563
29542	24392
29546	65218
29546	78957
29546	311055
29546	24414
291691	499417
29548	81827
29548	29669
29548	24414
499903	114027
29550	24231
316273	499417
29555	24242
29557	24392
29560	24533
29562	63879
29564	64845
29565	24392
29565	499417
29577	54244
29577	252855
29577	301164
29578	24392
29578	499417
29581	24180
29598	24211
29598	24212
29598	24242
684969	499417
29627	54293
29627	24318
29629	114027
29630	114486
29635	24392
360514	311078
29644	24409
29644	24410
29647	64563
29659	29665
29660	24242
29662	499417
29663	24392
29663	114027
54241	24392
54241	499417
29666	24231
54244	81673
54244	79114
54244	24253
54245	360820
29670	24231
29672	24231
29673	24231
29677	81827
29677	287716
29677	24231
54254	170915
54257	309168
308212	171046
308212	161452
308212	64462
308212	311163
308212	24245
29691	24242
29693	24392
29693	29715
300033	24392
29527	25637
291852	292464
29715	24392
29715	24213
29715	24212
29715	64159
54292	64363
54292	293621
54292	114486
24176	171026
29728	499417
54305	171093
291874	24392
291874	499417
291874	65274
619561	24392
29738	113894
29738	500105
29738	117268
29738	170840
54318	499417
300079	499417
300079	114027
54323	301442
54323	24245
54323	81653
29753	64515
29753	24242
29753	24245
29753	171102
29753	171103
29757	114027
300111	24392
300111	114027
291926	24392
78957	65040
316531	24392
316531	499417
78975	310615
300160	113894
29547	65218
29547	24414
308362	311245
308362	113894
291981	84509
301252	24392
301252	114509
301252	292464
301252	24242
301252	499417
308384	499417
79011	24242
685232	114027
308404	499417
308405	64672
29885	64391
300228	24392
259269	114027
300247	24392
300250	292464
300250	499417
300250	24392
245955	24392
140662	24392
140662	114027
79114	113912
79114	81771
79117	114027
79119	499417
79120	114027
79121	64678
79121	83519
79131	24392
308508	499417
316732	499417
292160	499417
365894	499417
308572	114027
308578	114027
308578	309010
308578	293684
308578	24468
308578	65178
308578	171574
294515	24185
79244	24392
79250	24392
79250	499417
79255	64391
79256	24392
79257	24205
308650	24392
308650	499417
308690	309126
361385	114027
24424	24392
308759	24392
29616	114588
58838	89817
79433	114027
24468	24392
24468	292464
24468	499417
308839	499417
311163	64563
292464	114764
292464	24472
292464	24701
292464	24479
300674	499417
308870	499417
299971	114027
83782	171050
65136	24392
65136	114027
308901	24392
308913	309165
679539	499417
161475	170915
161475	171046
81529	24242
65152	24392
65152	24242
287702	24392
300833	499417
685867	114027
114766	499417
317259	499417
25570	252859
29669	81827
29669	24414
353256	499417
300923	171500
292732	311245
288532	499417
317335	499417
317335	114027
360820	170922
360820	24511
317371	64632
317371	81824
300992	114027
362827	499417
362827	301442
309197	499417
301011	24392
287716	114486
292845	24392
25573	499417
25573	24413
25573	81727
686098	305679
24239	362912
309295	301442
292925	24768
292925	114512
301123	114027
24246	24409
24246	24410
497770	24242
292994	24392
117099	24392
24701	114027
317576	64633
317576	81754
24265	24392
751812	499417
497865	499417
29737	170840
25309	24392
293130	114027
499417	64517
499417	450225
499417	170751
499417	81513
499417	81521
499417	361596
499417	293502
499417	24192
499417	171159
499417	171164
499417	499374
499417	64185
499417	687295
499417	64200
499417	64196
499417	499423
499417	100359916
499417	65262
499417	81022
499417	500983
499417	81664
499417	311071
499417	679712
499417	56611
499417	293165
499417	64303
499417	81709
499417	24400
499417	81754
499417	63836
499417	293725
499417	24426
499417	171374
499417	301442
499417	499523
499417	81818
499417	294810
499417	81829
499417	114612
499417	64158
499417	171454
499417	64204
499417	294864
499417	24533
309557	64159
63836	24392
63839	24392
286911	24392
63868	24392
301442	65199
301442	24252
301458	24392
81646	24472
29681	114027
301563	114027
498183	24471
309774	24418
64015	64196
64015	170956
64015	117268
64015	302855
26955	56816
681050	114512
64033	24525
64040	24392
24329	81504
498234	114027
367171	64462
293448	24392
192268	24392
24333	24392
170587	24392
84410	24516
293481	114027
305604	114590
64156	24392
64158	24392
64158	81672
64158	24242
64158	64862
64159	81634
64159	311055
64159	24242
64159	24213
64159	24212
64159	24410
170670	24392
64200	24392
56010	24392
56011	114486
56011	64639
64205	24392
64205	114027
56029	114027
498407	114027
361596	24392
293652	114027
293655	114027
117152	24392
117152	81827
64300	24392
64303	24392
64303	114027
64303	64845
64304	24392
64306	24392
64313	24392
293692	24392
170821	26295
170840	113894
293725	24392
64356	687506
64356	24242
64363	293621
64363	81517
24383	24392
24383	24242
24383	24185
64391	64513
64391	114512
100911597	114027
170900	114027
687008	24392
170915	81673
170915	24253
170916	24392
24392	64526
24392	24158
24392	171116
24392	294010
24392	24212
24392	64672
24392	64681
24392	84509
24392	450225
24392	24242
24392	24186
24392	113898
24392	24189
24392	114017
24392	24192
24392	81682
24392	305679
24392	56611
24392	81708
24392	113965
24392	100359982
24392	56646
24392	81634
24392	171445
24392	114005
24392	293860
24392	81768
24392	114027
24392	81772
24392	64371
24392	24440
24392	24211
24392	24465
24392	81818
24392	114597
24392	122799
24392	114096
24392	24479
24392	171082
24392	24511
24392	24513
24392	81654
24392	24161
24392	171374
24392	24534
24392	81829
24392	24551
24392	24232
24392	24233
24392	24533
24392	64507
24392	81664
64440	56816
252857	114027
64462	499088
252921	64515
252921	24245
64515	24525
64515	24245
64525	81807
24408	24409
24408	24410
24408	24316
171026	24242
81753	24242
24410	311055
171039	24242
252971	24514
252971	84607
293938	114512
81758	302553
81758	294790
81758	81821
171086	26295
293991	114027
64632	81824
64639	114486
64640	114027
171140	24242
64665	114027
117268	311245
113894	311245
679221	114027
310587	114027
64829	114027
171337	114027
64845	81531
302415	26295
310612	114027
171350	114027
114027	65033
114027	65042
114027	65043
114027	499382
114027	26295
114027	57033
114027	81655
114027	81666
114027	65158
114027	81728
114027	171574
114027	679739
114027	81768
114027	81772
114027	171373
114027	102555453
114027	294282
114027	311024
114027	310710
114027	56768
114027	114114
114027	303073
114028	24205
122772	81727
64896	24253
81818	81641
171460	24471
171500	65274
56813	24242
171503	24242
56816	114558
65040	311055
114203	24185
84578	24252
24171	24242
81517	114486
24179	24180
24180	24316
24185	114486
24231	311078
24231	24237
24231	24232
24242	81672
24242	24245
24242	81677
24242	24547
24242	81779
24242	81783
24242	24318
24245	81740
24253	81673
24525	294790
89817	24514
89829	84607
24316	24409
311055	24503
24336	24514
114486	293621
114509	114562
114509	81771
24414	81827
294790	499655
81802	81804
