3.317018	2.745855	3.732796	3.035029	1.662758	3.487138	2.871573	2.278754
2.811575	2.553883	3.1529	1.556303	0.954243	3.003461	2.642465	2.252853
3.087781	2.665581	3.502017	2.631444	1.278754	3.32531	2.822168	2.361728
2.447158	2.170262	2.731589	1.146128	0.0	2.613842	2.235528	1.886491
3.342817	2.822822	3.773348	3.023252	1.60206	3.560265	2.962843	2.421604
2.933487	2.64836	3.254064	1.732394	0.477121	3.104828	2.730782	2.330414
2.658011	2.296665	2.999131	1.880814	1.146128	2.816904	2.326336	1.94939
2.700704	2.127105	3.04883	2.170262	1.20412	2.755875	2.049218	1.361728
3.504199	2.887054	3.950462	3.160168	2.079181	3.62634	2.953276	2.227887
3.141763	2.713491	3.553276	2.729974	1.380211	3.384891	2.892095	2.419956
2.875061	2.385606	3.220108	2.332438	1.342423	3.002598	2.409933	1.924279
2.448706	1.90309	2.770115	1.863323	0.69897	2.50515	1.633468	1.255273
3.426511	3.083861	3.857815	2.842609	1.342423	3.703291	3.277609	2.856729
2.882525	2.562293	3.238548	1.908485	1.0	3.042576	2.644439	2.243038
3.320769	2.816241	3.774444	3.064083	1.431364	3.588272	3.034628	2.531479
3.056524	2.382017	3.450711	2.70757	1.531479	3.126131	2.340444	1.568202
2.904716	2.363612	3.311118	2.547775	1.30103	3.084934	2.515874	1.875061
3.743431	3.214579	4.186419	3.430881	2.170262	3.944384	3.37328	2.844477
3.43313	2.788875	3.849481	3.044148	2.017033	3.501196	2.788168	2.041393
2.737193	2.240549	3.033424	2.060698	1.176091	2.756636	2.167317	1.612784
2.763428	2.403121	3.146748	2.056905	1.079181	2.934498	2.469822	2.041393
3.485579	2.961895	3.941958	3.203033	1.819544	3.718419	3.169086	2.641474
3.137037	2.700704	3.537441	2.741939	1.20412	3.382917	2.854913	2.390935
2.799341	2.305351	3.165244	2.193125	1.079181	2.871573	2.376577	1.80618
3.192846	2.632457	3.633771	2.825426	1.579784	3.352761	2.694605	2.123852
2.55145	2.143015	2.869232	1.763428	0.845098	2.630428	2.123852	1.662758
3.095518	2.475671	3.49304	2.713491	1.531479	3.178113	2.469822	1.78533
2.644439	2.212188	2.969882	1.94939	1.146128	2.718502	2.252853	1.80618
3.830909	3.325516	4.280897	3.500099	2.20412	4.057932	3.489396	2.994757
2.646404	2.33646	2.931458	1.70757	0.845098	2.767156	2.38739	1.986772
3.367542	2.846337	3.78951	3.036629	1.361728	3.568436	3.0086	2.547775
2.618048	2.403121	2.973128	0.954243	0.30103	2.845718	2.537819	2.167317
2.540329	1.919078	2.877371	2.017033	1.113943	2.509203	1.80618	1.041393
3.469969	2.941014	3.909181	3.064458	1.826075	3.634981	3.039811	2.499687
3.368845	2.757396	3.798098	3.053846	1.857332	3.505964	2.862728	2.276462
3.029789	2.361728	3.450557	2.702431	1.462398	3.125156	2.404834	1.591065
2.539076	1.986772	2.891537	1.959041	1.041393	2.630428	1.851258	1.255273
2.673021	2.20412	3.009451	2.021189	0.90309	2.778874	2.217484	1.716003
2.613842	2.243038	2.898725	1.69897	1.041393	2.731589	2.227887	1.851258
3.522966	2.928908	3.955255	3.15564	1.959041	3.659346	2.995196	2.354108
2.466868	1.875061	2.791691	1.857332	0.90309	2.49693	1.740363	1.041393
2.857935	2.50515	3.246006	2.10721	1.041393	3.026125	2.574031	2.152288
2.509203	1.857332	2.839478	1.977724	1.041393	2.489958	1.724276	0.90309
3.218798	2.522444	3.66323	2.942504	1.799341	3.322633	2.61066	1.799341
2.947924	2.71433	3.327563	1.531479	0.778151	3.198107	2.855519	2.481443
2.758912	2.238046	3.061452	2.021189	1.30103	2.764176	2.193125	1.662758
3.240799	2.698101	3.647089	2.840733	1.491362	3.376759	2.812913	2.257679
3.415307	2.808211	3.870521	3.130655	1.845098	3.582291	2.952308	2.357935
2.735599	2.120574	3.091315	2.220108	1.20412	2.738781	2.012837	1.255273
2.669317	2.404834	3.031812	1.623249	0.845098	2.890421	2.522444	2.136721
2.557507	1.982271	2.909021	1.995635	1.0	2.659916	1.826075	1.230449
3.064832	2.691965	3.437433	2.542825	1.255273	3.294025	2.835691	2.404834
2.849419	2.632457	3.176959	1.113943	0.90309	3.059563	2.740363	2.38739
3.655619	3.110253	4.093352	3.30963	2.029384	3.839918	3.242541	2.68842
2.723456	2.472756	3.058046	1.579784	0.845098	2.936514	2.586587	2.201397
3.295787	2.755875	3.731347	3.003461	1.763428	3.495544	2.914343	2.372912
2.682145	2.1959	2.994317	2.0	1.20412	2.711807	2.113943	1.690196
2.580925	2.350248	2.905256	1.39794	0.30103	2.79796	2.480007	2.117271
3.123525	2.471292	3.569842	2.850033	1.681241	3.26998	2.577492	1.939519
2.691081	2.451786	3.042576	1.176091	0.0	2.914343	2.568202	2.206826
2.797268	2.350248	3.161967	2.149219	1.342423	2.917506	2.40654	1.929419
2.814248	2.570543	3.168792	1.579784	0.60206	3.049218	2.691081	2.32838
2.514548	2.049218	2.882525	1.968483	1.041393	2.651278	2.11059	1.579784
3.168792	2.884229	3.548144	2.318063	0.845098	3.40807	3.011993	2.633468
2.645422	2.201397	2.980003	2.075547	0.778151	2.770115	2.225309	1.732394
2.567026	1.995635	2.939519	2.045323	1.0	2.655138	1.90309	1.230449
2.646404	2.212188	3.008174	1.968483	0.69897	2.760422	2.25042	1.732394
3.072985	2.539076	3.4843	2.767898	1.50515	3.268344	2.705008	2.139879
2.641474	2.041393	2.972203	2.152288	1.079181	2.733197	1.886491	1.322219
2.921166	2.611723	3.285782	2.130334	1.230449	3.121231	2.719331	2.30963
2.935507	2.641474	3.289143	2.037426	1.230449	3.126456	2.733197	2.334454
2.660865	2.283301	2.984977	1.838849	1.20412	2.790988	2.344392	1.886491
2.857332	2.445604	3.198382	2.143015	1.30103	2.967548	2.465383	1.995635
2.937016	2.704151	3.323871	1.230449	0.90309	3.182129	2.861534	2.468347
2.906874	2.498311	3.284431	2.271842	1.322219	3.040998	2.539076	2.117271
2.451786	1.954243	2.722634	1.755875	1.113943	2.434569	1.892095	1.342423
3.256477	2.801404	3.659916	2.812245	1.591065	3.464042	2.956168	2.495544
2.662758	2.352183	2.97359	1.740363	0.845098	2.826075	2.41162	2.017033
2.669317	2.320146	3.017451	1.857332	0.778151	2.828015	2.41162	1.982271
3.083861	2.649335	3.484157	2.697229	1.431364	3.31639	2.784617	2.330414
2.462398	1.869232	2.810904	1.959041	1.0	2.514548	1.690196	1.146128
2.684845	2.424882	3.020775	1.60206	1.146128	2.898176	2.541579	2.136721
2.489958	1.913814	2.838849	1.959041	0.845098	2.55145	1.812913	1.113943
2.678518	2.100371	3.017868	2.082785	0.778151	2.7348	2.068186	1.20412
2.644439	2.371068	2.981819	1.681241	0.845098	2.837588	2.485721	2.103804
2.867467	2.605305	3.226342	1.819544	1.0	3.084219	2.717671	2.338456
2.823474	2.294466	3.126131	2.225309	1.361728	2.800717	2.262451	1.748188
2.656098	2.252853	3.014521	2.041393	1.278754	2.741152	2.271842	1.80618
2.514548	1.90309	2.875061	1.986772	1.079181	2.541579	1.80618	1.041393
2.70757	2.245513	3.043362	2.012837	1.113943	2.786751	2.212188	1.755875
2.593286	2.012837	2.969416	2.11059	1.278754	2.670246	1.908485	1.30103
2.474216	2.113943	2.758155	1.20412	0.69897	2.579784	2.20412	1.755875
3.607241	3.123198	4.059109	3.238799	1.799341	3.83155	3.295347	2.781755
3.458033	2.87564	3.901948	3.17406	1.78533	3.642662	3.022428	2.439333
3.437592	2.774517	3.898067	3.135769	1.934498	3.55145	2.859739	2.11059
2.702431	2.274158	3.077731	2.033424	1.0	2.845098	2.322219	1.819544
2.775974	2.290035	3.145507	2.1959	1.20412	2.870989	2.350248	1.838849
3.173478	2.822168	3.536306	2.423246	1.518514	3.339054	2.93902	2.488551
3.068186	2.330414	3.507181	2.835056	1.60206	3.139249	2.383815	1.568202
2.702431	2.267172	3.029384	2.041393	1.146128	2.771587	2.262451	1.826075
2.5302	2.281033	2.816904	1.230449	0.477121	2.701568	2.38739	2.0086
2.672098	2.220108	3.0306	2.045323	0.90309	2.815578	2.222716	1.732394
2.549003	2.318063	2.883093	1.146128	0.477121	2.763428	2.454845	2.075547
2.278754	1.924279	2.421604	1.0	0.30103	2.214844	1.716003	1.322219
2.713491	2.374748	3.064083	1.939519	0.778151	2.860338	2.436163	2.037426
3.199481	2.793092	3.614159	2.675778	1.342423	3.405176	2.931458	2.465383
2.756636	2.262451	3.076276	2.049218	1.255273	2.818226	2.235528	1.778151
2.908485	2.594393	3.252125	1.963788	0.845098	3.077731	2.683047	2.285557
2.457882	2.257679	2.764923	0.778151	0.30103	2.659916	2.374748	2.017033
2.941014	2.632457	3.31133	2.037426	0.90309	3.137354	2.748963	2.340444
2.83187	2.238046	3.214049	2.390935	1.255273	2.89098	2.222716	1.50515
2.576341	2.383815	2.93902	0.954243	0.477121	2.827369	2.545307	2.170262
3.201397	2.718502	3.650308	2.906874	1.518514	3.435367	2.894316	2.432969
3.510277	3.091315	3.942554	3.079543	1.591065	3.755112	3.269513	2.832509
3.243038	2.768638	3.652923	2.819544	1.531479	3.450403	2.91169	2.385606
3.450557	2.996074	3.873785	3.051538	1.556303	3.661245	3.142076	2.676694
3.052694	2.488551	3.465383	2.738781	1.431364	3.224015	2.613842	2.041393
2.311754	1.826075	2.586587	1.60206	0.845098	2.361728	1.792392	0.954243
2.660865	2.429752	3.019532	1.20412	0.30103	2.895975	2.574031	2.1959
2.584331	2.361728	2.920645	1.041393	0.477121	2.800717	2.499687	2.127105
2.760422	2.49276	3.103462	1.60206	1.0	2.972203	2.613842	2.214844
2.763428	2.536558	3.104146	1.176091	0.0	2.978637	2.633468	2.287802
3.357744	2.827369	3.793022	3.024896	1.633468	3.546543	2.97359	2.498311
3.451633	2.745855	3.919078	3.245266	2.0086	3.577492	2.840106	2.060698
3.317436	3.016197	3.745465	2.578639	1.431364	3.571126	3.172019	2.773786
3.162266	2.71265	3.582063	2.69897	1.643453	3.364551	2.841359	2.348305
2.651278	2.269513	2.919601	1.740363	0.778151	2.742725	2.190332	1.826075
2.511883	2.305351	2.818885	0.845098	0.0	2.725912	2.4133	2.071882
3.131298	2.682145	3.508664	2.599883	1.361728	3.305781	2.770852	2.260071
3.164353	2.748963	3.561578	2.693727	1.30103	3.374015	2.897077	2.44248
3.421439	2.818885	3.856124	3.135133	1.838849	3.584218	2.932981	2.340444
3.046105	2.436163	3.450249	2.70757	1.322219	3.168203	2.506505	1.763428
2.991669	2.606381	3.398634	2.513218	1.20412	3.245266	2.769377	2.332438
2.874482	2.517196	3.205475	2.037426	1.278754	3.016197	2.562293	2.158362
2.4133	2.004321	2.670246	1.633468	0.69897	2.418301	1.857332	1.380211
3.147058	2.572872	3.595937	2.867467	1.531479	3.344589	2.698101	2.164353
2.421604	2.029384	2.639486	1.681241	1.113943	2.444045	1.929419	1.518514
2.869232	2.38739	3.251638	2.260071	1.414973	2.985875	2.462398	1.924279
3.323458	2.697229	3.753889	2.998695	1.653213	3.453165	2.803457	2.193125
3.197832	2.770852	3.591065	2.671173	1.342423	3.387568	2.897627	2.409933
2.663701	2.238046	2.980003	2.049218	1.176091	2.728354	2.285557	1.792392
2.844477	2.526339	3.1959	2.029384	0.778151	3.042576	2.618048	2.220108
2.853698	2.264818	3.237544	2.382017	1.518514	2.919601	2.260071	1.477121
2.730782	2.456366	3.079181	1.897627	1.041393	2.947924	2.58995	2.1959
2.846337	2.40654	3.238799	2.283301	1.342423	2.997386	2.474216	1.968483
2.49693	1.908485	2.843233	1.919078	1.230449	2.55145	1.826075	1.20412
2.445604	2.068186	2.739572	1.568202	0.90309	2.539076	2.037426	1.653213
2.471292	2.060698	2.806858	1.908485	1.20412	2.598791	2.123852	1.672098
2.848805	2.506505	3.222456	1.944483	1.20412	3.038223	2.621176	2.187521
2.651278	2.232996	3.017451	2.033424	1.0	2.728354	2.281033	1.812913
2.642465	2.068186	3.021189	2.201397	1.146128	2.765669	2.0	1.361728
2.636488	2.158362	2.893762	1.973128	0.69897	2.638489	2.004321	1.60206
2.522444	1.959041	2.857332	1.90309	0.90309	2.576341	1.799341	1.255273
2.378398	2.093422	2.617	1.20412	0.90309	2.482874	2.143015	1.755875
2.471292	2.060698	2.706718	1.681241	0.69897	2.522444	1.959041	1.591065
2.457882	2.117271	2.713491	1.447158	0.845098	2.531479	2.152288	1.755875
3.247973	2.584331	3.645029	2.910624	1.740363	3.317646	2.586587	1.78533
2.630428	2.117271	3.002598	2.068186	1.255273	2.759668	2.033424	1.531479
2.680336	2.324282	3.01368	1.913814	0.778151	2.814913	2.369216	1.963788
2.684845	2.457882	3.082067	1.544068	0.30103	2.941014	2.594393	2.238046
2.646404	2.238046	2.968483	2.004321	1.20412	2.723456	2.247973	1.792392
2.49276	2.082785	2.817565	1.869232	0.954243	2.606381	2.053078	1.568202
2.721811	2.167317	3.081707	2.245513	1.230449	2.779596	2.190332	1.60206
2.645422	2.290035	2.954243	1.863323	1.176091	2.792392	2.369216	1.908485
2.595496	2.372912	2.910091	0.90309	0.60206	2.803457	2.491362	2.127105
3.072985	2.579784	3.49038	2.666518	1.255273	3.233757	2.69897	2.181844
2.858537	2.262451	3.230193	2.39794	1.361728	2.929419	2.269513	1.50515
2.812913	2.556303	3.135451	1.857332	0.845098	3.029789	2.682145	2.305351
2.763428	2.367356	3.102434	2.117271	1.113943	2.897627	2.378398	1.963788
2.702431	2.460898	3.029789	1.531479	0.845098	2.899821	2.575188	2.212188
2.681241	2.281033	3.0086	1.875061	0.778151	2.803457	2.305351	1.897627
2.79379	2.227887	3.139879	2.230449	1.176091	2.779596	2.127105	1.579784
2.96426	2.68842	3.33385	1.78533	0.69897	3.171434	2.801404	2.401401
2.717671	2.480007	3.085291	1.255273	0.0	2.93902	2.606381	2.243038
2.586587	2.056905	2.954725	2.037426	1.0	2.666518	2.004321	1.361728
2.672098	2.424882	3.026125	1.278754	0.90309	2.892651	2.577492	2.170262
3.379849	2.961421	3.784261	2.815578	1.662758	3.556423	3.059942	2.584331
3.086716	2.499687	3.515741	2.766413	1.531479	3.245266	2.603144	2.033424
2.663701	2.276462	3.0141	1.851258	0.778151	2.796574	2.32838	1.897627
2.824126	2.428135	3.172019	2.037426	1.041393	2.940018	2.478566	2.068186
2.885361	2.403121	3.224015	2.198657	1.176091	2.979548	2.4133	1.875061
3.460748	2.856729	3.910037	3.207096	1.886491	3.646208	3.009451	2.40824
3.593508	3.075547	4.045206	3.283527	1.919078	3.816573	3.258398	2.730782
2.608526	2.396199	2.95376	1.255273	0.477121	2.849419	2.535294	2.173186
2.565848	2.344392	2.867467	0.954243	0.69897	2.764923	2.468347	2.10721
2.858537	2.526339	3.225568	1.954243	0.69897	3.024486	2.625312	2.220108
2.62941	2.38739	2.966611	1.230449	0.954243	2.837588	2.536558	2.143015
2.623249	2.385606	2.942008	0.954243	0.30103	2.835056	2.50515	2.139879
2.659916	2.469822	3.039811	0.30103	0.0	2.913814	2.620136	2.269513
2.658011	2.318063	2.988113	1.90309	0.477121	2.817565	2.409933	1.986772
2.537819	2.089905	2.82866	1.880814	1.230449	2.635484	2.113943	1.518514
2.758155	2.562293	3.10551	1.0	0.477121	3.003029	2.674861	2.342423
2.850033	2.603144	3.19173	1.60206	0.90309	3.069298	2.732394	2.32838
2.748963	2.509203	3.105851	1.20412	0.778151	2.969882	2.619093	2.240549
3.193403	2.739572	3.585009	2.755112	1.50515	3.401401	2.869232	2.383815
2.702431	2.274158	3.031812	1.968483	1.079181	2.802774	2.245513	1.80618
2.812245	2.318063	3.185542	2.255273	1.113943	2.905796	2.369216	1.832509
2.627366	2.390935	2.951338	1.255273	0.477121	2.841985	2.515874	2.136721
2.607455	2.264818	2.861534	1.518514	0.845098	2.752048	2.30963	1.919078
2.849419	2.506505	3.201124	2.025306	1.113943	3.019532	2.575188	2.158362
2.671173	2.193125	2.978637	1.991226	1.041393	2.751279	2.161368	1.690196
3.624385	3.298198	4.031489	3.0187	1.662758	3.879383	3.469527	3.053463
2.583199	2.155336	2.894316	1.977724	1.0	2.730782	2.127105	1.740363
2.773786	2.322219	3.116608	2.123852	1.079181	2.864511	2.359835	1.826075
2.68842	2.404834	3.010724	1.653213	1.0	2.839478	2.485721	2.10721
2.863323	2.463893	3.197556	2.049218	1.20412	2.952308	2.511883	2.068186
2.901458	2.592177	3.298198	2.021189	0.845098	3.110926	2.705008	2.324282
2.950365	2.515874	3.326745	2.338456	1.39794	3.109916	2.603144	2.08636
2.708421	2.419956	3.06558	1.897627	0.69897	2.926857	2.539076	2.161368
3.089198	2.600973	3.498448	2.679428	1.447158	3.285557	2.749736	2.264818
3.745075	3.166726	4.225749	3.398808	2.136721	3.917716	3.30298	2.61066
2.793092	2.460898	3.117603	1.880814	1.20412	2.933487	2.523746	2.117271
2.750508	2.363612	3.074085	2.08636	1.041393	2.877371	2.399674	1.968483
2.568202	2.376577	2.913814	0.778151	0.30103	2.786751	2.491362	2.139879
2.750508	2.448706	3.113275	1.963788	0.778151	2.958564	2.540329	2.146128
2.925828	2.588832	3.265525	2.281033	0.845098	3.143639	2.741939	2.322219
2.481443	2.079181	2.796574	1.763428	1.113943	2.531479	2.08636	1.643453
2.786751	2.330414	3.11294	2.155336	1.30103	2.834421	2.354108	1.886491
2.757396	2.528917	3.09482	1.39794	0.778151	2.971276	2.656098	2.271842
3.389343	2.87564	3.805365	3.0086	1.724276	3.569725	3.001301	2.463893
2.789581	2.227887	3.175512	2.326336	1.230449	2.854306	2.260071	1.477121
2.677607	2.281033	3.006466	1.944483	0.90309	2.846337	2.346353	1.954243
2.821514	2.535294	3.182129	1.70757	0.477121	3.012837	2.649335	2.276462
2.632457	2.260071	2.959518	1.857332	0.954243	2.752048	2.33646	1.913814
2.728354	2.281033	3.083861	2.093422	1.041393	2.824776	2.31597	1.819544
2.617	2.164353	2.92737	1.939519	0.845098	2.689309	2.164353	1.653213
2.673942	2.053078	3.018284	2.11059	1.20412	2.686636	1.986772	1.113943
2.756636	2.32838	3.134496	2.255273	1.255273	2.892651	2.421604	1.986772
2.600973	1.982271	2.883093	1.954243	0.778151	2.549003	1.851258	0.778151
2.781037	2.357935	3.100715	2.049218	1.255273	2.879669	2.403121	1.851258
2.867467	2.536558	3.240549	2.158362	1.041393	3.075547	2.657056	2.222716
2.522444	2.164353	2.832509	1.69897	0.69897	2.617	2.220108	1.826075
3.486572	2.788168	3.969928	3.24279	2.071882	3.62211	2.879669	2.08636
2.783904	2.440909	3.114277	1.857332	0.90309	2.924279	2.517196	2.10721
2.79379	2.320146	3.137354	2.152288	1.361728	2.87564	2.313867	1.875061
2.74351	2.136721	3.067815	2.20412	1.146128	2.692847	2.0	1.30103
2.926857	2.58995	3.273233	2.178977	1.30103	3.108903	2.702431	2.257679
2.654177	2.230449	3.031408	2.093422	1.146128	2.778874	2.276462	1.792392
2.835691	2.385606	3.21643	2.283301	1.0	2.992554	2.428135	1.94939
3.182985	2.568202	3.605305	2.848189	1.591065	3.304275	2.681241	2.060698
3.562531	2.873321	4.006295	3.277151	2.133539	3.653405	2.936011	2.08636
2.876218	2.552668	3.242044	2.20412	0.477121	3.110926	2.705008	2.305351
2.448706	1.838849	2.747412	1.863323	0.954243	2.403121	1.69897	0.845098
2.719331	2.164353	3.093772	2.198657	1.342423	2.812245	2.20412	1.447158
2.96426	2.721811	3.338456	1.518514	0.845098	3.20085	2.866287	2.480007
2.691965	2.158362	3.064832	2.146128	1.176091	2.756636	2.10721	1.568202
2.577492	2.093422	2.920645	2.100371	0.90309	2.745075	2.161368	1.591065
3.465829	2.90309	3.924796	3.158061	1.963788	3.665675	3.059563	2.466868
3.171434	2.501059	3.627878	2.926342	1.716003	3.307496	2.604226	1.919078
2.71265	2.155336	3.082067	2.152288	1.0	2.799341	2.133539	1.39794
2.881385	2.55145	3.242293	1.968483	1.176091	3.062958	2.663701	2.240549
2.294466	1.982271	2.542825	1.342423	0.69897	2.429752	1.94939	1.623249
2.763428	2.556303	3.091315	1.447158	0.30103	2.986772	2.668386	2.31597
3.017868	2.356026	3.425697	2.643453	1.518514	3.096215	2.350248	1.50515
2.838219	2.513218	3.176381	1.944483	1.176091	3.0	2.596597	2.170262
3.200029	2.832509	3.622318	2.666518	1.230449	3.474216	3.016616	2.588832
2.764176	2.50515	3.108565	1.681241	0.0	2.996949	2.604226	2.232996
3.678427	3.266937	4.105374	3.198107	1.913814	3.898122	3.411788	2.964731
2.682145	2.460898	3.064083	1.278754	0.0	2.940516	2.600973	2.240549
3.186391	2.656098	3.605089	2.815578	1.342423	3.395676	2.795185	2.278754
2.773786	2.480007	3.15351	1.799341	0.778151	2.994757	2.62634	2.222716
3.406029	2.897627	3.849665	3.0103	1.690196	3.61289	3.042182	2.518514
3.466719	2.996949	3.874424	3.037825	1.643453	3.671636	3.127429	2.63749
2.799341	2.409933	3.160168	2.09691	1.041393	2.928908	2.457882	2.017033
2.715167	2.332438	3.107888	2.082785	1.079181	2.901458	2.456366	1.991226
2.695482	2.434569	3.0103	1.361728	0.477121	2.875061	2.537819	2.149219
3.070407	2.643453	3.454845	2.514548	1.041393	3.26811	2.760422	2.294466
2.511883	2.029384	2.782473	1.748188	0.845098	2.475671	1.924279	1.380211
2.701568	2.30103	3.020775	1.954243	1.0	2.804139	2.30103	1.869232
2.760422	2.396199	3.124504	2.064458	0.90309	2.955688	2.501059	2.025306
2.777427	2.376577	3.138934	2.060698	1.230449	2.909021	2.440909	1.995635
3.530328	2.920645	3.976304	3.193125	2.033424	3.669967	2.984527	2.294466
2.451786	1.90309	2.779596	1.913814	0.60206	2.465383	1.799341	1.146128
2.661813	2.303196	2.965672	1.740363	0.845098	2.790285	2.342423	1.977724
2.891537	2.25042	3.285332	2.654177	1.342423	3.0086	2.311754	1.633468
2.541579	2.037426	2.914872	2.09691	1.176091	2.639486	2.017033	1.414973
2.399674	1.886491	2.752048	1.919078	1.113943	2.480007	1.897627	1.20412
2.655138	2.378398	3.022016	1.662758	0.69897	2.898176	2.514548	2.117271
2.665581	2.457882	3.0306	0.60206	0.0	2.916454	2.604226	2.25042
2.31597	1.863323	2.568202	1.672098	1.041393	2.330414	1.845098	1.322219
2.659916	2.383815	2.984077	1.491362	0.30103	2.841359	2.474216	2.09691
2.82866	2.481443	3.17667	1.986772	1.20412	2.984527	2.584331	2.133539
2.525045	2.235528	2.826075	1.643453	0.954243	2.71265	2.30103	1.90309
2.731589	2.120574	3.056905	2.20412	1.447158	2.739572	2.029384	1.176091
2.805501	2.556303	3.162266	1.78533	1.041393	3.001301	2.650308	2.283301
2.691965	2.303196	3.054996	2.021189	1.113943	2.860937	2.372912	1.944483
2.723456	2.509203	3.031004	1.447158	0.30103	2.940516	2.631444	2.267172
3.307068	2.926342	3.73512	2.871573	1.30103	3.599774	3.12969	2.69897
3.180699	2.545307	3.609061	2.870989	1.591065	3.309204	2.664642	1.963788
3.34262	2.915927	3.742332	2.854913	1.591065	3.537063	3.03543	2.588832
2.933993	2.660865	3.252368	1.851258	1.146128	3.133219	2.793092	2.394452
2.620136	2.214844	2.943495	1.919078	0.954243	2.695482	2.235528	1.80618
3.406199	2.970812	3.822103	2.892651	1.568202	3.599228	3.084219	2.631444
2.673942	2.414973	3.013259	1.531479	0.69897	2.858537	2.480007	2.10721
3.2266	2.645422	3.650793	2.914872	1.623249	3.365113	2.747412	2.155336
3.272538	2.797268	3.689664	2.845098	1.518514	3.471585	2.92993	2.428135
2.727541	2.426511	3.093071	1.880814	0.778151	2.920645	2.539076	2.117271
2.932981	2.359835	3.30298	2.481443	1.39794	2.990783	2.292256	1.70757
2.741152	2.40654	3.081707	1.851258	0.90309	2.928908	2.472756	2.079181
2.860937	2.466868	3.190332	2.193125	1.146128	2.96895	2.544068	2.09691
2.729165	2.082785	3.064832	2.190332	1.278754	2.715167	2.0	1.146128
3.403807	2.889862	3.838282	3.041393	1.69897	3.600319	3.045323	2.511883
2.768638	2.307496	3.126456	2.127105	1.20412	2.879669	2.359835	1.892095
2.841359	2.440909	3.147985	2.100371	1.176091	2.958564	2.454845	1.986772
2.819544	2.569374	3.178977	1.70757	0.69897	3.032216	2.661813	2.305351
2.796574	2.552668	3.147676	1.633468	0.60206	3.025306	2.666518	2.307496
2.463893	1.845098	2.788168	1.954243	1.146128	2.457882	1.690196	0.954243
2.694605	2.419956	3.077004	1.78533	0.90309	2.933487	2.515874	2.155336
3.284656	2.666518	3.712986	2.951823	1.672098	3.407051	2.756636	2.09691
3.157759	2.498311	3.602711	2.926857	1.623249	3.292699	2.572872	1.954243
3.227372	2.575188	3.699664	3.046885	1.69897	3.400192	2.725095	2.060698
2.558709	2.1959	2.83187	1.770852	0.90309	2.694605	2.274158	1.812913
2.663701	2.378398	2.993877	1.579784	0.60206	2.811575	2.468347	2.075547
3.597695	2.960471	4.05123	3.351796	2.053078	3.752816	3.10721	2.522444
2.731589	2.155336	3.099335	2.380211	1.041393	2.840106	2.167317	1.568202
2.62941	2.033424	2.936011	2.025306	1.079181	2.547775	1.897627	1.20412
2.659916	2.08636	2.983175	2.041393	0.90309	2.658011	2.064458	1.113943
2.671173	2.146128	3.004751	2.201397	1.0	2.755875	2.187521	1.662758
3.207904	2.569374	3.675137	2.922206	1.623249	3.357554	2.63749	1.959041
2.882525	2.519828	3.254548	2.0	0.90309	3.060698	2.606381	2.176091
2.689309	2.262451	3.019532	2.012837	1.0	2.812245	2.283301	1.819544
2.693727	2.281033	3.03543	2.017033	0.954243	2.835691	2.294466	1.875061
2.657056	2.262451	2.97359	1.819544	0.845098	2.744293	2.262451	1.851258
3.551938	2.992995	3.981501	3.21643	1.977724	3.71433	3.118926	2.556303
2.687529	2.394452	3.119586	2.068186	0.60206	2.981819	2.603144	2.193125
2.617	2.227887	2.916454	1.724276	0.477121	2.68842	2.206826	1.732394
2.555094	2.004321	2.922725	1.995635	1.041393	2.659916	1.954243	1.30103
3.5325	3.03623	3.963221	3.145818	1.832509	3.737034	3.184407	2.69897
2.857935	2.252853	3.233757	2.378398	1.477121	2.872156	2.243038	1.477121
3.296226	2.775974	3.737749	2.97174	1.778151	3.49485	2.922725	2.392697
2.984527	2.762679	3.410271	0.69897	0.60206	3.252853	2.955207	2.564666
3.146748	2.539076	3.557146	2.805501	1.544068	3.291591	2.62941	2.037426
3.378398	2.70927	3.801198	3.062958	1.897627	3.482588	2.774517	1.929419
2.727541	2.468347	3.062582	1.623249	1.041393	2.919078	2.578639	2.198657
2.693727	2.4133	2.998695	1.39794	0.69897	2.840733	2.499687	2.103804
2.963316	2.662758	3.318272	1.986772	1.041393	3.155943	2.775246	2.390935
3.669131	3.172311	4.106123	3.27277	1.845098	3.862191	3.31597	2.807535
2.668386	2.212188	3.016616	2.029384	0.69897	2.767898	2.245513	1.740363
2.786041	2.426511	3.118265	2.021189	0.845098	2.917506	2.453318	2.012837
3.4843	2.900913	3.941412	3.212454	1.799341	3.676511	3.071145	2.498311
2.684845	2.396199	2.970812	1.633468	1.041393	2.85187	2.469822	2.079181
3.283301	2.850033	3.719414	2.916454	1.544068	3.557988	3.044148	2.571709
2.928908	2.604226	3.251395	1.919078	1.146128	3.063709	2.698101	2.298853
2.79588	2.303196	3.165838	2.294466	1.278754	2.888741	2.31597	1.740363
2.507856	2.103804	2.816904	1.716003	1.0	2.607455	2.155336	1.740363
2.840106	2.567026	3.201397	1.78533	0.69897	3.048053	2.679428	2.294466
2.928396	2.683047	3.308351	1.50515	0.69897	3.169674	2.827369	2.429752
2.748188	2.287802	3.083861	2.041393	1.041393	2.826075	2.320146	1.819544
3.311754	2.656098	3.730217	2.98945	1.732394	3.427811	2.711807	1.897627
3.224274	2.52763	3.659441	2.972666	1.78533	3.331022	2.633468	1.792392
2.811575	2.267172	3.17667	2.260071	1.20412	2.887617	2.240549	1.568202
2.783189	2.544068	3.12156	1.690196	0.69897	2.996949	2.636488	2.296665
3.028571	2.414973	3.418964	2.587711	1.633468	3.096215	2.367356	1.716003
2.783904	2.487138	3.147676	1.908485	0.69897	2.980912	2.576341	2.193125
3.145507	2.668386	3.564192	2.773786	1.361728	3.368659	2.832509	2.346353
2.585461	2.167317	2.904716	1.875061	0.90309	2.662758	2.193125	1.662758
3.33666	2.974972	3.759441	2.808886	1.579784	3.602711	3.147367	2.724276
3.293363	2.704151	3.739097	2.940516	1.799341	3.420286	2.779596	2.133539
2.911158	2.532754	3.292699	2.173186	1.146128	3.05423	2.630428	2.187521
2.631444	2.344392	2.904174	1.431364	1.0	2.79796	2.451786	2.053078
2.879096	2.394452	3.261501	2.311754	1.30103	2.981819	2.396199	1.857332
3.30771	2.647383	3.739651	2.993877	1.763428	3.439648	2.705864	2.021189
3.043362	2.793092	3.423901	1.880814	0.477121	3.27738	2.935507	2.547775
3.1329	2.618048	3.55279	2.80956	1.361728	3.339253	2.793092	2.276462
2.307496	1.716003	2.544068	1.556303	0.60206	2.1959	1.447158	0.69897
2.641474	2.269513	2.992554	1.90309	0.477121	2.824776	2.346353	1.913814
2.799341	2.565848	3.16643	1.322219	0.477121	3.0306	2.694605	2.324282
2.680336	2.424882	3.067815	1.755875	0.778151	2.920645	2.545307	2.170262
2.706718	2.472756	3.072985	1.612784	0.60206	2.934498	2.572872	2.217484
2.879669	2.437751	3.260548	2.294466	1.0	3.024486	2.450249	1.924279
2.828015	2.577492	3.107888	1.431364	0.69897	3.007321	2.64836	2.290035
2.78533	2.071882	3.206016	2.539076	1.431364	2.823474	2.136721	1.20412
3.082067	2.450249	3.505964	2.752816	1.623249	3.204934	2.549003	1.875061
2.725095	2.136721	3.072617	2.158362	0.69897	2.764923	2.152288	1.146128
2.645422	2.178977	2.975432	2.0	0.778151	2.750508	2.164353	1.643453
2.824126	2.544068	3.178113	1.643453	0.60206	3.01157	2.653213	2.267172
3.352761	2.701568	3.786893	3.000434	1.724276	3.458336	2.746634	2.045323
3.108903	2.531479	3.542203	2.745855	1.431364	3.276002	2.649335	2.033424
2.771587	2.546543	3.131939	1.50515	0.778151	3.016616	2.686636	2.313867
2.553883	2.32838	2.869818	0.954243	0.0	2.768638	2.447158	2.08636
2.673021	2.287802	2.993877	1.929419	1.230449	2.806858	2.363612	1.857332
2.423246	2.1959	2.675778	1.113943	0.60206	2.550228	2.255273	1.90309
3.323046	2.781037	3.740047	2.954243	1.681241	3.489958	2.923244	2.4133
2.677607	2.30963	3.023252	2.012837	1.041393	2.773786	2.348305	1.934498
3.621488	3.068186	4.08041	3.308991	1.886491	3.827046	3.2266	2.703291
2.745855	2.431364	3.136086	1.886491	0.60206	2.966611	2.564666	2.136721
2.854913	2.50515	3.191171	2.012837	1.20412	3.003029	2.559907	2.143015
2.847573	2.434569	3.18949	2.127105	1.39794	2.944483	2.471292	2.0086
3.703979	3.23325	4.128044	3.299507	1.880814	3.912859	3.375481	2.897627
3.218536	2.755112	3.619719	2.793092	1.342423	3.441381	2.898176	2.424882
3.33666	2.824776	3.755722	2.971276	1.518514	3.536053	2.972666	2.460898
3.425534	2.816904	3.829046	3.118926	1.812913	3.549494	2.919078	2.285557
3.334051	2.85187	3.739889	2.878522	1.662758	3.509337	2.985875	2.488551
2.819544	2.436163	3.19201	2.10721	1.0	2.998695	2.561101	2.11059
3.096215	2.481443	3.55364	2.752816	1.643453	3.216957	2.531479	1.792392
2.824126	2.305351	3.146128	2.146128	1.278754	2.843233	2.267172	1.681241
3.403292	2.885361	3.845904	3.056905	1.591065	3.614159	3.040602	2.513218
2.62634	2.238046	2.960946	1.80618	0.778151	2.737193	2.276462	1.838849
2.725912	2.198657	3.084219	2.120574	0.954243	2.802089	2.152288	1.579784
2.680336	2.100371	3.0	2.068186	1.079181	2.667453	1.982271	1.255273
2.860937	2.628389	3.208441	1.361728	0.845098	3.08849	2.738781	2.380211
3.103462	2.498311	3.517724	2.771587	1.556303	3.23477	2.571709	2.004321
2.843233	2.580925	3.20167	1.763428	1.0	3.067443	2.684845	2.307496
3.66238	3.199206	4.087675	3.216694	1.924279	3.850033	3.324899	2.837588
3.742804	3.049606	4.175425	3.434409	2.20412	3.830781	3.076276	2.363612
3.064083	2.596597	3.485579	2.695482	1.113943	3.318481	2.777427	2.320146
2.431364	2.11059	2.605305	1.579784	0.477121	2.525045	2.11059	1.740363
2.682145	2.071882	2.946452	1.995635	1.146128	2.641474	1.880814	1.0
2.654177	2.187521	2.957128	2.037426	1.041393	2.710963	2.170262	1.681241
3.301247	2.762679	3.722305	2.907411	1.579784	3.478422	2.89487	2.352183
2.338456	1.973128	2.569374	1.518514	0.90309	2.361728	1.94939	1.462398
2.472756	2.120574	2.737193	1.414973	0.477121	2.532754	2.152288	1.69897
2.750508	2.485721	3.090611	1.792392	1.20412	2.982271	2.611723	2.220108
2.552668	2.330414	2.858537	0.954243	0.30103	2.78746	2.423246	2.075547
2.50515	2.068186	2.770852	1.770852	0.954243	2.571709	2.045323	1.518514
2.466868	2.071882	2.748963	1.732394	0.90309	2.52763	2.089905	1.612784
2.580925	2.20412	2.937518	1.869232	0.954243	2.721811	2.274158	1.819544
3.87483	3.221936	4.402897	3.661718	2.428135	4.08803	3.388279	2.655138
2.674861	2.278754	3.03583	1.892095	1.0	2.827369	2.320146	1.908485
3.568671	3.022428	3.996205	3.201124	1.90309	3.728759	3.128722	2.583199
3.362105	2.847573	3.792041	2.991669	1.69897	3.565494	2.987666	2.501059
3.619615	3.147676	4.061038	3.284431	1.939519	3.869818	3.33163	2.854913
2.519828	2.09691	2.844477	1.851258	0.778151	2.653213	2.064458	1.633468
2.723456	2.466868	3.102091	1.633468	0.845098	2.950365	2.584331	2.206826
2.655138	2.235528	2.982271	1.968483	1.146128	2.783904	2.260071	1.826075
2.83187	2.230449	3.199755	2.342423	1.278754	2.888741	2.193125	1.462398
2.909021	2.332438	3.280351	2.40824	1.414973	2.985426	2.260071	1.612784
2.642465	2.305351	2.991226	1.724276	0.845098	2.816904	2.401401	1.973128
3.231979	2.884229	3.599665	2.630428	1.230449	3.447003	3.012415	2.618048
3.493737	2.95376	3.930134	3.192846	1.755875	3.711554	3.113609	2.607455
2.409933	1.908485	2.703291	1.672098	0.60206	2.401401	1.826075	1.041393
2.719331	2.298853	3.031812	1.934498	1.0	2.822822	2.30963	1.90309
2.856729	2.290035	3.231724	2.340444	1.30103	2.907411	2.240549	1.612784
3.249932	2.627366	3.672744	2.901458	1.799341	3.371253	2.651278	1.934498
2.729974	2.136721	3.117271	2.350248	1.113943	2.860937	2.158362	1.462398
3.028978	2.426511	3.402777	2.575188	1.447158	3.138618	2.392697	1.690196
2.806858	2.463893	3.148603	2.049218	1.230449	2.995196	2.537819	2.136721
2.569374	2.352183	2.889862	0.954243	0.477121	2.778874	2.480007	2.120574
2.522444	2.08636	2.795185	1.778151	0.69897	2.569374	2.075547	1.544068
2.614897	2.071882	2.964731	2.152288	1.20412	2.619093	1.986772	1.414973
3.08849	2.592177	3.575303	2.860937	1.079181	3.386499	2.83187	2.361728
2.630428	2.214844	2.987219	1.934498	1.0	2.769377	2.267172	1.812913
2.511883	2.089905	2.857332	1.973128	0.954243	2.613842	2.037426	1.623249
2.658011	2.399674	2.973128	1.380211	0.60206	2.835691	2.481443	2.139879
2.774517	2.318063	3.126781	2.190332	1.447158	2.862131	2.361728	1.819544
2.662758	2.287802	2.972203	1.826075	0.845098	2.78746	2.324282	1.875061
3.213783	2.557507	3.67006	2.93902	1.690196	3.360025	2.62634	1.90309
2.58995	2.371068	2.886491	1.079181	0.0	2.774517	2.463893	2.11059
2.706718	2.318063	3.032619	1.892095	0.845098	2.821514	2.332438	1.929419
3.632963	3.197281	4.093387	3.265054	1.770852	3.90064	3.407561	2.942504
2.654177	2.423246	2.989005	1.041393	0.30103	2.886491	2.518514	2.181844
2.643453	2.428135	2.962369	0.69897	0.0	2.839478	2.545307	2.184691
3.127105	2.806858	3.505421	2.453318	0.778151	3.344981	2.931458	2.539076
2.898725	2.645422	3.228913	1.70757	1.079181	3.10551	2.755875	2.357935
2.848805	2.568202	3.192846	1.672098	0.90309	3.03862	2.685742	2.262451
2.774517	2.544068	3.118595	1.176091	0.477121	2.969882	2.642465	2.285557
2.62634	2.260071	2.944483	1.826075	1.041393	2.720986	2.287802	1.90309
3.082426	2.481443	3.502564	2.7348	1.612784	3.199481	2.559907	1.851258
2.588832	2.158362	2.922206	2.037426	1.113943	2.724276	2.206826	1.716003
2.79796	2.342423	3.176091	2.212188	1.255273	2.946943	2.385606	1.857332
3.241297	2.797268	3.639387	2.820858	1.447158	3.462697	2.936514	2.444045
3.285332	2.838219	3.70927	2.80618	1.255273	3.487563	2.955207	2.462398
2.680336	2.262451	2.998695	1.886491	1.079181	2.788168	2.287802	1.838849
3.431203	2.884795	3.858778	3.092721	1.857332	3.607455	3.019116	2.463893
2.811575	2.348305	3.165838	2.143015	1.255273	2.892095	2.383815	1.908485
3.460296	3.036629	3.894648	3.053463	1.568202	3.704665	3.202761	2.762679
2.68842	2.10721	3.011147	2.130334	1.176091	2.687529	1.94939	1.342423
2.501059	2.082785	2.799341	1.672098	1.0	2.577492	2.060698	1.60206
3.19201	2.702431	3.604442	2.832509	1.361728	3.409087	2.849419	2.324282
3.455302	2.892651	3.892707	3.11227	1.724276	3.634779	3.024896	2.502427
3.283075	2.799341	3.704751	2.904174	1.591065	3.483872	2.946943	2.434569
2.711807	2.25042	3.046105	2.060698	1.278754	2.790988	2.278754	1.732394
2.587711	2.170262	2.906874	1.929419	0.954243	2.665581	2.1959	1.70757
3.484157	3.144885	3.87668	2.918555	1.612784	3.732796	3.302764	2.895423
3.353724	2.653213	3.788168	3.061452	1.851258	3.450557	2.692847	1.913814
3.464191	2.856124	3.917138	3.196729	1.973128	3.629104	3.01536	2.380211
2.791691	2.359835	3.172019	2.161368	1.255273	2.900913	2.392697	1.924279
2.545307	2.120574	2.745855	1.623249	0.90309	2.518514	2.0086	1.623249
2.592177	2.416641	2.918555	1.0	0.0	2.824776	2.549003	2.209515
3.246006	2.55145	3.641771	2.924796	1.662758	3.320146	2.569374	1.763428
2.853698	2.567026	3.199755	1.716003	0.90309	3.053463	2.687529	2.296665
3.273233	2.791691	3.677424	2.868644	1.380211	3.482016	2.929419	2.436163
2.845098	2.584331	3.19201	1.653213	0.477121	3.033826	2.660865	2.298853
2.457882	1.977724	2.746634	1.90309	1.20412	2.531479	2.049218	1.414973
2.921166	2.390935	3.312812	2.494155	1.20412	3.049993	2.453318	1.954243
3.020361	2.62634	3.425371	2.561101	1.230449	3.279439	2.799341	2.346353
3.41044	2.728354	3.831678	3.102777	1.633468	3.506911	2.774517	1.954243
2.697229	2.457882	2.988559	1.414973	0.778151	2.873321	2.561101	2.176091
2.356026	1.968483	2.576341	1.361728	0.845098	2.444045	2.025306	1.544068
2.414973	1.977724	2.730782	1.851258	1.041393	2.431364	1.929419	1.39794
3.014521	2.762679	3.328583	1.869232	0.778151	3.218273	2.829304	2.466868
2.836324	2.235528	3.168203	2.240549	1.462398	2.841985	2.068186	1.39794
2.816241	2.583199	3.146748	1.556303	0.60206	3.033021	2.684845	2.324282
2.799341	2.579784	3.158664	1.39794	0.0	3.032619	2.691081	2.338456
2.68842	2.060698	2.993877	2.167317	1.278754	2.656098	1.875061	1.176091
2.518514	2.021189	2.80618	1.908485	1.041393	2.495544	1.875061	1.342423
2.655138	2.045323	3.020775	2.146128	1.278754	2.692847	2.075547	1.079181
2.782473	2.33646	3.166726	2.161368	1.322219	2.933993	2.30963	1.869232
2.846337	2.559907	3.187521	1.934498	0.90309	3.034227	2.651278	2.281033
3.125806	2.456366	3.543199	2.789581	1.568202	3.246991	2.517196	1.690196
2.650308	2.206826	3.034227	2.123852	1.230449	2.766413	2.209515	1.755875
3.614264	3.086004	4.05446	3.291147	1.995635	3.796436	3.22917	2.691965
3.161068	2.597695	3.549003	2.667453	1.477121	3.273233	2.614897	1.90309
2.873902	2.525045	3.239299	2.136721	1.146128	3.049993	2.598791	2.173186
3.078457	2.513218	3.510009	2.913284	1.380211	3.322426	2.717671	2.198657
3.344589	2.919601	3.768786	2.895423	1.491362	3.581039	3.083861	2.62634
2.40654	2.033424	2.655138	1.643453	0.477121	2.518514	2.068186	1.612784
3.625107	3.038223	4.084719	3.341039	1.939519	3.81849	3.199206	2.63749
3.777934	3.2266	4.235301	3.428135	2.155336	3.954484	3.346939	2.800717
3.276232	2.775246	3.688687	2.869232	1.477121	3.470851	2.917506	2.399674
2.777427	2.555094	3.12483	1.431364	0.845098	3.011993	2.673021	2.305351
2.726727	2.320146	3.100715	2.025306	0.69897	2.900913	2.378398	1.886491
2.564666	2.176091	2.858537	1.778151	0.845098	2.60206	2.184691	1.732394
2.824126	2.584331	3.170555	1.690196	0.845098	3.046105	2.676694	2.31597
3.124178	2.614897	3.567849	2.827369	1.431364	3.359835	2.795185	2.313867
2.642465	2.320146	2.946452	1.770852	1.0	2.80956	2.409933	1.995635
2.726727	2.267172	3.080266	2.164353	1.176091	2.868644	2.278754	1.78533
3.333649	2.715167	3.727541	2.89487	1.78533	3.411956	2.758155	1.875061
2.733999	2.303196	3.06558	2.071882	1.255273	2.845718	2.334454	1.832509
2.702431	2.403121	2.991226	1.491362	1.041393	2.861534	2.485721	2.060698
3.172895	2.750508	3.593618	2.783904	1.20412	3.421768	2.910091	2.474216
2.806858	2.460898	3.121231	1.851258	1.113943	2.936011	2.532754	2.120574
3.008174	2.611723	3.352375	2.240549	1.230449	3.121888	2.672098	2.209515
2.838219	2.324282	3.216166	2.283301	1.380211	2.933993	2.369216	1.763428
2.466868	2.245513	2.761176	1.041393	0.0	2.669317	2.340444	2.0086
2.495544	2.09691	2.788168	1.80618	1.146128	2.535294	2.133539	1.633468
3.182985	2.559907	3.618362	2.912753	1.672098	3.341039	2.684845	2.064458
2.587711	2.201397	2.910091	1.954243	1.146128	2.69897	2.278754	1.78533
2.64836	2.187521	3.002598	2.037426	0.954243	2.74351	2.130334	1.672098
2.758912	2.39794	3.148911	2.064458	0.69897	2.971276	2.519828	2.093422
2.592177	2.082785	2.947434	1.944483	0.778151	2.710963	2.012837	1.39794
2.665581	2.20412	3.019116	2.181844	1.113943	2.829947	2.292256	1.755875
3.514681	3.002166	3.956984	3.161967	1.70757	3.723948	3.144885	2.669317
2.955688	2.423246	3.382737	2.596597	1.278754	3.135769	2.562293	2.012837
2.738781	2.305351	3.069298	2.093422	0.90309	2.849419	2.322219	1.863323
2.767156	2.214844	3.119256	2.235528	1.278754	2.790988	2.20412	1.477121
3.407731	2.870989	3.837525	3.020361	1.612784	3.605844	2.993436	2.480007
2.772322	2.472756	3.141136	1.819544	0.477121	2.990783	2.588832	2.201397
2.436163	1.869232	2.740363	1.799341	0.477121	2.389166	1.672098	1.146128
2.584331	2.0	2.945469	2.100371	1.176091	2.628389	1.959041	1.278754
2.698101	2.465383	3.069298	1.041393	0.69897	2.916454	2.596597	2.193125
2.139879	1.681241	2.39794	1.30103	0.60206	2.190332	1.579784	0.90309
2.671173	2.459392	3.020361	1.079181	0.0	2.914872	2.564666	2.222716
3.48728	3.092721	3.896967	3.017033	1.50515	3.739335	3.259355	2.833147
2.710963	2.485721	3.025715	1.176091	0.30103	2.907949	2.593286	2.230449
2.701568	2.482874	3.066699	1.30103	0.30103	2.922725	2.604226	2.247973
2.845718	2.468347	3.205746	2.033424	0.954243	2.997823	2.525045	2.123852
2.739572	2.303196	3.079904	2.079181	0.954243	2.834421	2.330414	1.863323
3.38507	2.708421	3.823996	3.08849	1.863323	3.48841	2.725912	2.056905
2.737987	2.346353	3.031812	1.875061	1.0	2.817565	2.365488	1.934498
3.592399	2.972666	4.033464	3.288026	2.075547	3.737749	3.06558	2.38739
2.923244	2.344392	3.283527	2.416641	1.447158	2.964731	2.227887	1.612784
3.197556	2.754348	3.605736	2.733999	1.518514	3.399154	2.893762	2.396199
3.065206	2.509203	3.474508	2.679428	1.477121	3.205204	2.604226	2.037426
2.518514	2.164353	2.854913	1.724276	0.69897	2.673942	2.212188	1.778151
2.882525	2.614897	3.222716	1.897627	1.146128	3.083503	2.733999	2.338456
3.458638	3.095169	3.897022	2.984977	1.50515	3.745777	3.297979	2.868056
3.024896	2.819544	3.385606	1.041393	0.845098	3.239299	2.923762	2.574031
2.710963	2.267172	3.010724	2.08636	1.146128	2.761176	2.243038	1.812913
2.698101	2.450249	3.040998	1.079181	0.778151	2.921686	2.558709	2.173186
2.567026	2.193125	2.820858	1.740363	0.845098	2.62941	2.225309	1.716003
2.683947	2.255273	3.017033	2.0086	1.176091	2.807535	2.274158	1.826075
2.864511	2.613842	3.194792	1.643453	0.90309	3.061452	2.725912	2.350248
2.898176	2.632457	3.236285	1.770852	1.079181	3.086716	2.722634	2.334454
3.487986	2.998259	3.936011	3.157457	1.653213	3.721728	3.178689	2.697229
3.334655	2.778151	3.752433	2.975432	1.770852	3.499962	2.904716	2.326336
2.501059	2.060698	2.832509	1.90309	1.113943	2.584331	2.10721	1.568202
2.658965	2.409933	3.006038	1.30103	0.477121	2.873321	2.522444	2.143015
2.788875	2.542825	3.147367	1.556303	0.0	3.006466	2.673942	2.292256
2.641474	2.371068	2.943495	1.623249	0.69897	2.804139	2.429752	2.064458
3.341237	2.899273	3.744919	2.865696	1.732394	3.546666	3.032216	2.537819
2.703291	2.41162	3.062582	1.778151	1.079181	2.884795	2.510545	2.09691
2.91169	2.374748	3.303196	2.580925	1.146128	3.080987	2.487138	1.959041
2.888741	2.661813	3.273927	1.462398	0.477121	3.135769	2.821514	2.439333
3.440122	2.732394	3.896416	3.17667	1.954243	3.550228	2.817565	1.968483
2.673021	2.394452	3.022016	1.681241	1.041393	2.864511	2.489958	2.117271
3.627161	3.042576	4.103051	3.369216	2.093422	3.825426	3.21801	2.645422
2.672098	2.225309	3.033826	2.089905	1.079181	2.749736	2.225309	1.778151
2.737987	2.285557	3.062582	1.977724	1.0	2.82866	2.264818	1.78533
2.927883	2.679428	3.304275	1.531479	0.69897	3.166134	2.819544	2.436163
2.537819	2.311754	2.844477	1.30103	0.477121	2.763428	2.436163	2.056905
2.643453	2.383815	2.945469	1.579784	1.079181	2.822822	2.480007	2.08636
3.028571	2.414973	3.434888	2.673021	1.491362	3.135769	2.439333	1.740363
3.271144	2.673942	3.71147	2.886491	1.568202	3.411114	2.718502	2.037426
3.027757	2.70927	3.474508	2.432969	0.477121	3.317854	2.900367	2.485721
3.247237	2.772322	3.650696	2.843855	1.361728	3.465829	2.904174	2.437751
2.511883	2.193125	2.839478	1.623249	0.60206	2.690196	2.281033	1.857332
3.302764	2.736397	3.720159	2.931966	1.662758	3.445604	2.812245	2.274158
2.658965	2.146128	2.989895	2.082785	1.322219	2.658011	2.149219	1.623249
3.001734	2.437751	3.42341	2.663701	1.491362	3.136086	2.552668	1.995635
3.803867	3.265761	4.265407	3.477555	2.155336	4.009536	3.422754	2.897627
2.935507	2.585461	3.276462	2.033424	1.20412	3.083144	2.667453	2.235528
3.53428	3.120903	3.994977	3.136403	1.50515	3.823148	3.340246	2.89487
3.541829	2.923244	3.981819	3.173769	2.127105	3.658679	2.969882	2.262451
3.843544	3.255996	4.312495	3.570543	2.267172	4.035109	3.416474	2.876218
3.147676	2.424882	3.576226	2.902003	1.633468	3.205204	2.494155	1.579784
3.267875	2.698101	3.709863	2.961421	1.716003	3.466126	2.849419	2.30103
3.301247	2.812913	3.738543	2.945469	1.612784	3.512951	2.958086	2.468347
3.561936	3.083144	4.004192	3.226084	1.857332	3.790215	3.269046	2.783904
2.550228	1.90309	2.899273	2.049218	1.230449	2.582063	1.748188	1.041393
2.911158	2.453318	3.290702	2.334454	1.146128	3.028571	2.462398	1.959041
3.647383	3.180986	4.075693	3.208441	1.897627	3.847264	3.294687	2.800717
2.876218	2.44248	3.231724	2.245513	1.30103	3.006466	2.510545	2.053078
2.796574	2.403121	3.164055	2.161368	1.113943	2.933487	2.49693	2.041393
3.884115	3.243286	4.368529	3.650016	2.318063	4.057362	3.392873	2.805501
2.978181	2.652246	3.360025	2.356026	0.778151	3.239299	2.818885	2.418301
2.575188	2.344392	2.897627	1.176091	0.954243	2.791691	2.468347	2.089905
2.60206	2.376577	2.904716	1.278754	0.0	2.80956	2.488551	2.127105
2.87564	2.662758	3.280578	0.778151	0.0	3.136403	2.837588	2.462398
2.513218	1.924279	2.840733	2.033424	0.845098	2.521138	1.80618	1.113943
2.769377	2.523746	3.11227	1.255273	0.69897	2.993877	2.635484	2.260071
3.271609	2.733999	3.66238	2.846955	1.518514	3.427648	2.803457	2.260071
2.70927	2.1959	3.044148	2.09691	1.113943	2.761176	2.100371	1.518514
2.954243	2.465383	3.352954	2.534026	1.414973	3.148294	2.585461	2.127105
2.70927	2.181844	3.058805	2.20412	1.146128	2.790285	2.158362	1.462398
2.750508	2.403121	3.027757	1.770852	0.954243	2.881955	2.456366	2.012837
2.750508	2.269513	3.117271	2.181844	1.255273	2.855519	2.294466	1.792392
3.728516	3.171434	4.20355	3.427973	2.11059	3.937167	3.33666	2.802774
3.510813	3.078819	3.918502	2.997386	1.662758	3.702431	3.210853	2.74351
2.519828	2.276462	2.815578	1.322219	0.60206	2.710117	2.401401	2.0086
2.703291	2.274158	3.033826	1.924279	1.041393	2.781755	2.262451	1.838849
3.042576	2.502427	3.437909	2.624282	1.50515	3.161068	2.580925	2.017033
2.778874	2.167317	3.163161	2.340444	1.342423	2.844477	2.173186	1.30103
3.129045	2.746634	3.532627	2.487138	1.0	3.311118	2.845098	2.414973
3.02735	2.614897	3.424392	2.577492	1.079181	3.265054	2.758912	2.346353
2.748963	2.290035	3.091667	2.20412	0.954243	2.855519	2.278754	1.78533
3.563955	3.20085	3.987398	3.007748	1.568202	3.808211	3.371806	2.93852
2.562293	2.276462	2.880242	1.579784	0.0	2.768638	2.342423	1.982271
3.031004	2.510545	3.416141	2.7348	1.361728	3.210853	2.597695	2.025306
2.38739	1.977724	2.691081	1.755875	0.845098	2.451786	1.982271	1.477121
3.267406	2.705008	3.709863	2.857935	1.662758	3.420945	2.771587	2.136721
3.523876	3.024486	3.956984	3.204934	1.838849	3.733358	3.176959	2.68842
3.320769	2.898176	3.725503	2.789581	1.518514	3.525822	3.030195	2.561101
2.686636	2.287802	3.011147	1.963788	0.90309	2.810233	2.320146	1.832509
2.278754	1.913814	2.559907	1.633468	0.954243	2.371068	1.886491	1.491362
2.931966	2.591065	3.381115	2.4133	0.477121	3.25261	2.812245	2.392697
2.810233	2.4133	3.167908	2.222716	1.39794	2.954243	2.471292	2.045323
3.000868	2.454845	3.395326	2.618048	1.380211	3.136721	2.502427	1.973128
3.164353	2.695482	3.569725	2.727541	1.322219	3.354108	2.810904	2.30963
3.432488	2.950365	3.856185	3.085647	1.518514	3.659631	3.135451	2.656098
3.197832	2.571709	3.643749	2.885361	1.662758	3.326336	2.623249	1.908485
2.913284	2.674861	3.241546	1.672098	0.90309	3.128722	2.78533	2.414973
3.046495	2.803457	3.437909	1.880814	0.69897	3.291147	2.93902	2.558709
2.503791	1.973128	2.824776	1.880814	0.778151	2.594393	1.838849	1.278754
2.605305	2.146128	2.917506	1.973128	1.0	2.623249	2.09691	1.643453
2.795185	2.363612	3.163161	2.212188	1.146128	2.921166	2.403121	1.908485
2.807535	2.332438	3.161368	2.201397	1.255273	2.876795	2.342423	1.869232
2.457882	2.068186	2.719331	1.591065	0.778151	2.532754	2.079181	1.653213
2.893207	2.503791	3.209783	2.190332	1.20412	2.995635	2.541579	2.11059
3.155336	2.737987	3.548881	2.605305	1.146128	3.372728	2.864511	2.414973
3.205746	2.523746	3.642959	2.92993	1.690196	3.327155	2.617	1.80618
2.961421	2.607455	3.281033	2.170262	1.255273	3.127105	2.673021	2.257679
2.749736	2.1959	3.09899	2.206826	1.176091	2.806858	2.139879	1.447158
2.62634	1.995635	2.910091	1.991226	1.0	2.532754	1.875061	1.113943
3.176381	2.748188	3.573452	2.663701	1.491362	3.382737	2.879669	2.38739
3.062958	2.553883	3.470263	2.619093	1.39794	3.217747	2.656098	2.164353
2.843233	2.383815	3.217221	2.209515	1.322219	2.978637	2.376577	1.929419
3.241048	2.666518	3.689486	2.93044	1.716003	3.439964	2.836324	2.247973
3.100026	2.863323	3.513218	1.50515	0.69897	3.360593	3.02735	2.641474
2.702431	2.09691	3.02735	2.136721	1.361728	2.725095	1.991226	1.255273
3.505557	3.016197	3.907519	3.122871	1.748188	3.684037	3.14145	2.632457
3.49276	2.910091	3.931204	3.1827	1.977724	3.650987	3.03583	2.445604
3.116608	2.459392	3.549126	2.812245	1.643453	3.225826	2.532754	1.732394
2.652246	2.267172	2.992111	1.934498	0.90309	2.805501	2.281033	1.857332
3.20412	2.563481	3.635986	2.881385	1.763428	3.312177	2.612784	1.892095
2.821514	2.598791	3.187803	1.544068	0.60206	3.051538	2.703291	2.338456
2.769377	2.482874	3.115611	1.477121	0.60206	2.951823	2.591065	2.220108
2.969882	2.544068	3.354108	2.44248	1.255273	3.126131	2.642465	2.184691
3.06032	2.618048	3.451018	2.591065	1.041393	3.268578	2.733999	2.285557
3.616476	3.209783	4.071661	3.158362	1.778151	3.86929	3.385428	2.926342
2.704151	2.136721	3.062958	2.120574	1.041393	2.752816	2.056905	1.30103
2.92737	2.60206	3.321391	2.311754	1.176091	3.172603	2.742725	2.356026
3.430075	2.859739	3.878924	3.138303	1.826075	3.625827	3.014521	2.432969
2.770115	2.33646	3.116276	2.021189	0.90309	2.873902	2.396199	1.880814
2.862131	2.622214	3.244277	1.643453	0.69897	3.108227	2.776701	2.390935
2.773055	2.267172	3.13226	2.227887	1.278754	2.875061	2.311754	1.662758
3.180699	2.911158	3.552425	2.136721	1.255273	3.416641	3.045323	2.643453
2.354108	1.897627	2.604226	1.69897	0.778151	2.383815	1.832509	1.380211
2.912222	2.691965	3.251638	1.633468	0.69897	3.141136	2.807535	2.445604
3.219585	2.773786	3.670339	2.857332	1.278754	3.497344	2.986324	2.519828
2.550228	2.176091	2.880242	1.748188	0.90309	2.650308	2.245513	1.78533
3.290702	2.623249	3.710879	2.97359	1.819544	3.385785	2.710963	1.863323
3.619615	2.91169	4.087639	3.361917	2.113943	3.727785	3.022428	2.225309
3.80929	3.088136	4.272839	3.571709	2.298853	3.896526	3.192846	2.469822
3.432809	2.751279	3.88587	3.145196	1.755875	3.560265	2.839478	1.986772
2.965672	2.662758	3.363424	2.113943	1.0	3.192567	2.78746	2.394452
2.376577	2.11059	2.579784	1.60206	0.69897	2.506505	2.056905	1.748188
2.755112	2.330414	3.065206	2.017033	1.079181	2.840106	2.32838	1.892095
3.415474	2.946452	3.835627	3.039017	1.579784	3.651181	3.100026	2.630428
2.836324	2.625312	3.204663	1.30103	0.477121	3.098298	2.770852	2.44248
2.463893	2.267172	2.754348	1.113943	0.0	2.686636	2.378398	2.033424
2.683047	2.287802	3.064458	1.982271	1.079181	2.822822	2.350248	1.880814
2.546543	2.340444	2.858537	1.176091	0.0	2.777427	2.454845	2.103804
3.720242	3.062958	4.247064	3.511349	2.235528	3.924021	3.237544	2.507856
2.656098	2.240549	3.01494	1.982271	0.845098	2.794488	2.290035	1.826075
2.652246	2.418301	3.031812	0.90309	0.30103	2.897627	2.540329	2.170262
2.635484	2.214844	2.937016	1.924279	0.90309	2.720159	2.235528	1.792392
2.583199	2.193125	2.887617	1.799341	1.0	2.636488	2.20412	1.80618
2.691081	2.278754	3.034227	2.029384	1.079181	2.806858	2.318063	1.869232
3.202761	2.550228	3.63819	2.931458	1.662758	3.337659	2.673021	1.982271
2.676694	2.313867	3.019947	1.869232	0.477121	2.824776	2.401401	1.934498
2.773786	2.541579	3.157457	1.041393	0.60206	3.019532	2.698101	2.305351
2.963316	2.346353	3.340444	2.592177	1.491362	3.077004	2.380211	1.763428
2.713491	2.285557	3.015779	2.053078	1.041393	2.776701	2.220108	1.716003
2.740363	2.389166	3.113943	1.963788	1.113943	2.944976	2.503791	2.08636
2.70927	2.170262	3.062206	2.176091	1.20412	2.781755	2.123852	1.568202
2.792392	2.342423	3.143015	2.089905	0.845098	2.876218	2.385606	1.892095
2.598791	2.176091	2.927883	1.973128	1.0	2.674861	2.136721	1.70757
2.79796	2.247973	3.15137	2.20412	1.20412	2.859138	2.161368	1.544068
2.687529	2.267172	3.03623	2.012837	0.90309	2.792392	2.294466	1.857332
2.680336	2.1959	3.025715	2.082785	1.146128	2.764176	2.217484	1.681241
2.519828	2.274158	2.824126	1.041393	0.30103	2.700704	2.380211	2.025306
3.510143	2.813581	3.999565	3.27277	2.146128	3.63819	2.884795	1.977724
3.078094	2.701568	3.492621	2.576341	0.69897	3.328583	2.853698	2.426511
