17.0 693.0 136.0 0.0 89485.0 10904.0 21168.0 680.0 92.0 1234.0 0.0 0.0 0.0 0.0 0.0
12.0 550.0 65.0 1.0 107921.0 5694.0 13865.0 210.0 119.0 754.0 116.0 10.0 1.0 0.0 0.0
18.0 5398.0 140.0 13.0 540345.0 75676.0 2749820.0 638.0 1429.0 34668.0 11528.0 154.0 852.0 18.0 6.0
95.0 14877.0 4146.0 319.0 1909280.0 1120677.0 5735398.0 112418.0 18016.0 138487.0 225131.0 22693.0 8299.0 2938.0 366.0
22.0 6285.0 207.0 24.0 407023.0 107845.0 5219643.0 1126.0 695.0 43753.0 21360.0 351.0 695.0 60.0 3.0
19.0 3222.0 164.0 7.0 362119.0 53943.0 672862.0 854.0 897.0 24480.0 1545.0 111.0 357.0 4.0 0.0
12.0 6179.0 54.0 12.0 635605.0 45925.0 3132218.0 124.0 2162.0 78512.0 15112.0 74.0 1304.0 20.0 2.0
13.0 2887.0 68.0 10.0 255690.0 28045.0 1531179.0 192.0 340.0 19486.0 5875.0 79.0 22.0 14.0 1.0
36.0 7231.0 564.0 66.0 733800.0 201996.0 3691720.0 5258.0 2497.0 45807.0 43821.0 1578.0 1137.0 246.0 58.0
299.0 58307.0 38410.0 6141.0 5157726.0 12494901.0 16123280.0 2994614.0 498824.0 443262.0 3483679.0 1051116.0 199629.0 321696.0 43123.0
9.0 3760.0 32.0 4.0 271950.0 24597.0 2765293.0 60.0 387.0 31180.0 4065.0 20.0 322.0 4.0 0.0
30.0 5778.0 400.0 35.0 765926.0 132408.0 1742950.0 3226.0 2637.0 57318.0 27730.0 699.0 1075.0 124.0 11.0
13.0 4281.0 71.0 7.0 408349.0 36322.0 2141528.0 218.0 2291.0 38128.0 9394.0 59.0 537.0 9.0 0.0
4.0 686.0 6.0 0.0 80996.0 1928.0 79149.0 4.0 65.0 2867.0 0.0 0.0 0.0 0.0 0.0
35.0 3251.0 583.0 12.0 581765.0 101788.0 325612.0 6166.0 1593.0 36624.0 4752.0 363.0 404.0 15.0 1.0
23.0 9683.0 207.0 46.0 727104.0 147272.0 6695403.0 1009.0 3289.0 74429.0 54632.0 590.0 2272.0 140.0 32.0
12.0 1773.0 55.0 11.0 248485.0 16117.0 362728.0 125.0 223.0 12114.0 2742.0 83.0 99.0 9.0 3.0
2.0 282.0 0.0 1.0 31441.0 0.0 32319.0 0.0 0.0 1345.0 272.0 0.0 5.0 0.0 0.0
75.0 21978.0 2302.0 473.0 2094532.0 1154925.0 9716482.0 40536.0 38396.0 221887.0 363003.0 20531.0 15826.0 5376.0 1082.0
22.0 5755.0 194.0 37.0 629374.0 85454.0 1913693.0 933.0 4197.0 54266.0 23601.0 485.0 1703.0 111.0 11.0
27.0 5975.0 299.0 52.0 654345.0 123717.0 2587283.0 1815.0 1916.0 45779.0 25929.0 977.0 936.0 76.0 57.0
42.0 4515.0 812.0 49.0 584976.0 159890.0 962243.0 9754.0 1579.0 30274.0 20971.0 1511.0 548.0 196.0 19.0
11.0 3427.0 35.0 20.0 459341.0 18989.0 618714.0 45.0 590.0 30335.0 8891.0 86.0 2605.0 8.0 26.0
23.0 1849.0 252.0 1.0 138600.0 38932.0 162994.0 1750.0 742.0 2586.0 178.0 21.0 42.0 0.0 0.0
91.0 11978.0 3942.0 153.0 1570338.0 944800.0 3028440.0 109102.0 12953.0 89946.0 98650.0 11244.0 4332.0 1044.0 95.0
71.0 12530.0 2266.0 219.0 1309568.0 715873.0 5447345.0 43855.0 10952.0 105190.0 131451.0 11647.0 3936.0 1495.0 158.0
16.0 5332.0 109.0 11.0 540584.0 64120.0 2241033.0 423.0 1260.0 46080.0 12110.0 120.0 615.0 17.0 0.0
32.0 10730.0 463.0 33.0 882777.0 273493.0 5988619.0 4073.0 7048.0 122129.0 40187.0 793.0 2427.0 85.0 9.0
75.0 14070.0 2514.0 261.0 1489375.0 831242.0 5015679.0 51713.0 13710.0 113322.0 167726.0 12874.0 7396.0 2635.0 303.0
29.0 1516.0 403.0 3.0 263456.0 41264.0 81420.0 3574.0 404.0 4074.0 352.0 79.0 12.0 1.0 0.0
21.0 2889.0 194.0 16.0 219239.0 48944.0 317408.0 1064.0 1735.0 7626.0 4320.0 233.0 523.0 28.0 5.0
23.0 2499.0 226.0 27.0 298473.0 50947.0 565104.0 1286.0 371.0 18211.0 3005.0 429.0 142.0 30.0 26.0
7.0 568.0 12.0 9.0 86351.0 2033.0 24637.0 8.0 109.0 1807.0 1065.0 13.0 46.0 10.0 4.0
9.0 3723.0 29.0 7.0 310803.0 24365.0 1801692.0 44.0 702.0 23977.0 3539.0 32.0 238.0 7.0 1.0
15.0 905.0 64.0 41.0 165042.0 8110.0 54171.0 129.0 92.0 5007.0 4040.0 163.0 168.0 119.0 44.0
3.0 430.0 2.0 1.0 86231.0 524.0 24873.0 0.0 20.0 7558.0 272.0 1.0 12.0 0.0 0.0
4.0 3454.0 5.0 1.0 225461.0 8644.0 3260366.0 2.0 345.0 43322.0 996.0 2.0 16.0 0.0 0.0
6.0 1628.0 12.0 3.0 219378.0 5682.0 410764.0 10.0 249.0 24272.0 1782.0 8.0 89.0 2.0 0.0
56.0 14628.0 1420.0 120.0 1572034.0 659627.0 5216084.0 21975.0 18290.0 138683.0 95679.0 5087.0 6327.0 581.0 77.0
56.0 8085.0 1429.0 111.0 1037635.0 376953.0 2883294.0 22442.0 5451.0 52178.0 53562.0 4647.0 1629.0 546.0 85.0
6.0 1979.0 13.0 2.0 248020.0 7255.0 439107.0 13.0 300.0 26374.0 1748.0 6.0 146.0 1.0 0.0
22.0 8549.0 162.0 69.0 757541.0 112143.0 4442458.0 560.0 3277.0 59130.0 54122.0 657.0 3355.0 246.0 77.0
30.0 7033.0 335.0 100.0 1171395.0 128639.0 1127622.0 1987.0 5760.0 101968.0 52770.0 1471.0 5514.0 477.0 125.0
3.0 2691.0 2.0 1.0 146632.0 2775.0 2296297.0 0.0 32.0 13124.0 2423.0 1.0 60.0 0.0 0.0
2.0 339.0 1.0 0.0 14289.0 313.0 42347.0 0.0 13.0 1220.0 0.0 0.0 0.0 0.0 0.0
40.0 3223.0 741.0 39.0 470725.0 113077.0 262370.0 8523.0 1353.0 14845.0 8988.0 1249.0 463.0 91.0 17.0
14.0 1184.0 86.0 5.0 194393.0 13621.0 98753.0 311.0 190.0 6272.0 1279.0 47.0 56.0 5.0 1.0
147.0 31072.0 9881.0 850.0 3225990.0 3245545.0 8970614.0 424300.0 306435.0 320238.0 572303.0 67140.0 52897.0 25565.0 1660.0
22.0 3725.0 202.0 29.0 349037.0 62781.0 2270184.0 1047.0 1173.0 19341.0 11956.0 414.0 571.0 71.0 8.0
85.0 8047.0 3417.0 153.0 1508664.0 602921.0 751455.0 87036.0 12797.0 59040.0 42679.0 10847.0 2377.0 809.0 78.0
61.0 10673.0 1656.0 174.0 1291116.0 519304.0 2817049.0 27197.0 8877.0 109655.0 90908.0 7568.0 6207.0 977.0 248.0
31.0 5531.0 421.0 44.0 538104.0 129677.0 2053913.0 3408.0 2407.0 33216.0 29157.0 926.0 1141.0 133.0 28.0
5.0 3109.0 9.0 1.0 236149.0 9261.0 2911817.0 7.0 190.0 36363.0 2445.0 3.0 175.0 0.0 0.0
57.0 7654.0 1523.0 73.0 805926.0 356291.0 4478468.0 25617.0 3494.0 76557.0 62909.0 3304.0 1218.0 306.0 33.0
2.0 5.0 1.0 0.0 491.0 5.0 4.0 0.0 0.0 0.0 0.0 0.0 0.0 0.0 0.0
178.0 28815.0 14479.0 1274.0 3213042.0 4149023.0 8404968.0 733401.0 67923.0 225433.0 747764.0 160884.0 33811.0 26333.0 3558.0
13.0 2656.0 73.0 5.0 186433.0 27324.0 1497169.0 235.0 304.0 14159.0 3884.0 47.0 28.0 4.0 0.0
43.0 5964.0 834.0 69.0 685119.0 205383.0 1382427.0 10119.0 1886.0 61216.0 35899.0 1678.0 2717.0 481.0 63.0
2.0 2236.0 1.0 0.0 114785.0 2186.0 2199231.0 0.0 25.0 11936.0 0.0 0.0 0.0 0.0 0.0
162.0 28071.0 12030.0 1011.0 2690636.0 3428613.0 12866769.0 563345.0 165935.0 243246.0 704238.0 104308.0 27355.0 26149.0 1718.0
64.0 8903.0 1956.0 60.0 934609.0 489057.0 4115167.0 38193.0 6444.0 68083.0 56368.0 3234.0 1288.0 225.0 12.0
17.0 3055.0 106.0 30.0 347566.0 31813.0 883498.0 350.0 717.0 23329.0 14095.0 240.0 769.0 60.0 30.0
44.0 4751.0 884.0 62.0 723119.0 174032.0 570633.0 10931.0 2681.0 35999.0 22255.0 2058.0 1322.0 219.0 36.0
230.0 36775.0 24124.0 2211.0 4261016.0 6479945.0 9862143.0 1583102.0 294438.0 360710.0 1191472.0 339797.0 80591.0 71372.0 7189.0
22.0 3024.0 186.0 45.0 359941.0 45531.0 416142.0 867.0 964.0 15957.0 14379.0 483.0 833.0 153.0 37.0
17.0 3281.0 124.0 12.0 388899.0 45440.0 629930.0 518.0 1019.0 20306.0 4426.0 147.0 296.0 12.0 3.0
3.0 110.0 3.0 0.0 11585.0 164.0 2229.0 1.0 28.0 23.0 0.0 0.0 0.0 0.0 0.0
7.0 1687.0 20.0 1.0 167828.0 8529.0 628377.0 30.0 55.0 18601.0 1257.0 5.0 113.0 0.0 0.0
8.0 304.0 25.0 3.0 59023.0 1904.0 5648.0 40.0 19.0 548.0 114.0 15.0 36.0 0.0 1.0
20.0 8373.0 165.0 25.0 604209.0 118747.0 6381934.0 750.0 1607.0 63527.0 34136.0 340.0 1495.0 40.0 10.0
21.0 6507.0 176.0 34.0 706585.0 80864.0 3305582.0 831.0 1921.0 107030.0 39462.0 372.0 2986.0 107.0 20.0
52.0 9661.0 1169.0 157.0 1076298.0 396257.0 4183090.0 15519.0 7787.0 107057.0 73958.0 5434.0 3461.0 1025.0 122.0
11.0 609.0 53.0 2.0 74661.0 5227.0 33928.0 148.0 173.0 1032.0 509.0 16.0 4.0 1.0 0.0
2.0 277.0 1.0 0.0 29666.0 271.0 30593.0 0.0 3.0 1107.0 0.0 0.0 0.0 0.0 0.0
58.0 9868.0 1561.0 92.0 961562.0 483509.0 3360231.0 26116.0 7306.0 76240.0 60319.0 4363.0 2018.0 342.0 35.0
16.0 4067.0 105.0 15.0 439984.0 42615.0 1990631.0 391.0 920.0 34472.0 15478.0 132.0 536.0 33.0 4.0
18.0 2684.0 132.0 21.0 420669.0 32925.0 411980.0 538.0 1214.0 26465.0 9441.0 222.0 417.0 54.0 2.0
7.0 4858.0 16.0 5.0 280367.0 17063.0 4729470.0 15.0 193.0 37600.0 10867.0 15.0 416.0 5.0 0.0
8.0 428.0 26.0 2.0 47534.0 2688.0 21085.0 44.0 13.0 928.0 208.0 12.0 37.0 0.0 0.0
118.0 27753.0 6288.0 615.0 2666362.0 2229073.0 10141461.0 217282.0 252904.0 278691.0 446000.0 29003.0 33110.0 19556.0 1075.0
10.0 4399.0 37.0 8.0 382871.0 25942.0 3070849.0 68.0 714.0 44435.0 11585.0 40.0 318.0 12.0 0.0
28.0 8998.0 346.0 32.0 707605.0 190600.0 5668912.0 2558.0 2625.0 75194.0 42324.0 618.0 2386.0 86.0 14.0
86.0 15419.0 3409.0 246.0 1868270.0 1077785.0 4726717.0 84340.0 19235.0 172203.0 176270.0 15534.0 9045.0 2268.0 198.0
43.0 5311.0 860.0 43.0 646890.0 202233.0 836116.0 10711.0 2339.0 30804.0 14507.0 1509.0 822.0 109.0 12.0
5.0 2063.0 10.0 0.0 141205.0 8136.0 1588837.0 10.0 58.0 14611.0 0.0 0.0 0.0 0.0 0.0
3.0 2720.0 3.0 0.0 170637.0 5208.0 2859768.0 1.0 116.0 27501.0 0.0 0.0 0.0 0.0 0.0
59.0 7148.0 1613.0 98.0 798071.0 343556.0 3151307.0 27566.0 3034.0 39060.0 62382.0 4351.0 1289.0 541.0 51.0
2.0 2313.0 1.0 0.0 115242.0 2271.0 2212813.0 0.0 21.0 11829.0 0.0 0.0 0.0 0.0 0.0
11.0 5578.0 47.0 8.0 398721.0 33023.0 4667619.0 109.0 1200.0 51367.0 18413.0 42.0 972.0 12.0 2.0
54.0 17665.0 1132.0 299.0 1759484.0 578141.0 8459634.0 13176.0 19134.0 229336.0 278854.0 8443.0 20491.0 2450.0 735.0
65.0 6846.0 1973.0 107.0 1296017.0 382056.0 571425.0 37579.0 8726.0 95280.0 26098.0 5631.0 6269.0 300.0 170.0
124.0 36639.0 5731.0 1895.0 3744754.0 2814616.0 12249510.0 142989.0 126365.0 373212.0 1259899.0 113679.0 89676.0 42857.0 10599.0
52.0 11156.0 1231.0 95.0 1058827.0 488870.0 5235615.0 17798.0 7587.0 96532.0 60530.0 3884.0 2191.0 388.0 30.0
43.0 9754.0 768.0 135.0 1114019.0 296440.0 4183465.0 7971.0 8185.0 110899.0 84706.0 3401.0 6076.0 773.0 196.0
8.0 1213.0 25.0 3.0 200586.0 7021.0 95129.0 39.0 215.0 6473.0 924.0 16.0 58.0 1.0 0.0
280.0 60337.0 34476.0 4584.0 5089773.0 12479192.0 18976049.0 2612826.0 520924.0 462076.0 2978177.0 763159.0 167403.0 219532.0 24043.0
44.0 13517.0 735.0 211.0 1289438.0 376452.0 7465664.0 6564.0 15396.0 170262.0 152031.0 4851.0 10978.0 1476.0 353.0
31.0 4616.0 454.0 11.0 540027.0 124818.0 1235002.0 4192.0 1339.0 62073.0 6876.0 291.0 2054.0 8.0 4.0
4.0 812.0 5.0 1.0 53193.0 1631.0 295716.0 2.0 6.0 2181.0 787.0 2.0 3.0 0.0 0.0
31.0 4534.0 399.0 66.0 706033.0 110044.0 810150.0 2889.0 2078.0 56298.0 19154.0 1365.0 1333.0 174.0 67.0
3.0 605.0 3.0 0.0 60705.0 1184.0 106891.0 1.0 13.0 3540.0 0.0 0.0 0.0 0.0 0.0
51.0 13975.0 1000.0 275.0 1694705.0 479540.0 4126877.0 10342.0 14625.0 126376.0 163782.0 8017.0 13089.0 1940.0 526.0
6.0 1846.0 14.0 1.0 171605.0 7500.0 825467.0 16.0 25.0 30891.0 1078.0 4.0 301.0 0.0 0.0
16.0 2503.0 111.0 9.0 207932.0 34496.0 1452227.0 441.0 163.0 14215.0 2617.0 113.0 53.0 5.0 1.0
32.0 9177.0 402.0 94.0 952828.0 205122.0 4380185.0 2800.0 5889.0 69839.0 60703.0 1626.0 3442.0 408.0 126.0
9.0 1068.0 30.0 6.0 167629.0 6505.0 125289.0 48.0 163.0 12289.0 1667.0 30.0 23.0 6.0 0.0
13.0 582.0 72.0 6.0 130422.0 5769.0 16901.0 235.0 135.0 1715.0 845.0 36.0 50.0 15.0 0.0
64.0 20249.0 1789.0 227.0 1935910.0 955792.0 9472380.0 29777.0 27115.0 205627.0 238657.0 9919.0 13504.0 1749.0 219.0
22.0 1364.0 215.0 16.0 222515.0 25549.0 103162.0 1249.0 211.0 6473.0 2585.0 263.0 44.0 27.0 1.0
96.0 7577.0 4471.0 89.0 1032303.0 665718.0 2565986.0 134898.0 6484.0 36525.0 38905.0 7646.0 1112.0 288.0 48.0
15.0 7152.0 91.0 14.0 513307.0 71803.0 4804026.0 306.0 1486.0 71581.0 22277.0 120.0 1538.0 25.0 4.0
26.0 9114.0 261.0 64.0 905615.0 151108.0 4986694.0 1444.0 3538.0 98133.0 62110.0 833.0 3778.0 266.0 57.0
44.0 7724.0 844.0 102.0 748269.0 272104.0 4172599.0 9673.0 4023.0 69875.0 48322.0 2988.0 1830.0 453.0 130.0
172.0 23774.0 12969.0 1737.0 4494287.0 3046643.0 3117299.0 592992.0 149238.0 284836.0 510259.0 202295.0 104988.0 21164.0 16889.0
2.0 293.0 0.0 1.0 31855.0 0.0 20744.0 0.0 0.0 1078.0 207.0 0.0 43.0 0.0 0.0
6.0 3995.0 13.0 2.0 333964.0 17031.0 2905647.0 13.0 834.0 40610.0 1220.0 6.0 28.0 1.0 0.0
85.0 15673.0 3299.0 271.0 1871001.0 1085027.0 3534970.0 79009.0 20104.0 137973.0 170531.0 17335.0 10383.0 2120.0 306.0
113.0 20818.0 5970.0 358.0 2165820.0 1966584.0 7438896.0 198654.0 32418.0 191617.0 273996.0 31546.0 13100.0 3616.0 320.0
2.0 65.0 1.0 0.0 15653.0 65.0 1106.0 0.0 0.0 158.0 0.0 0.0 0.0 0.0 0.0
16.0 957.0 117.0 3.0 172200.0 12938.0 71481.0 520.0 132.0 11651.0 1075.0 38.0 39.0 2.0 0.0
38.0 10164.0 673.0 30.0 758990.0 315491.0 6893727.0 7458.0 5960.0 98337.0 46053.0 880.0 1302.0 94.0 4.0
47.0 7579.0 1004.0 77.0 871462.0 289044.0 2519694.0 13158.0 3217.0 54916.0 49568.0 2694.0 1794.0 318.0 45.0
26.0 5766.0 316.0 9.0 423731.0 122089.0 3790646.0 2404.0 1146.0 53541.0 18141.0 178.0 814.0 16.0 2.0
23.0 2115.0 249.0 4.0 262793.0 43682.0 210796.0 1688.0 914.0 9288.0 976.0 82.0 22.0 1.0 0.0
22.0 4502.0 211.0 20.0 437709.0 75708.0 2579140.0 1199.0 901.0 24881.0 15844.0 293.0 594.0 37.0 11.0
49.0 9685.0 886.0 290.0 952010.0 365615.0 5069306.0 8779.0 4548.0 73073.0 85347.0 7091.0 2411.0 1123.0 1431.0
36.0 8792.0 548.0 82.0 1054537.0 224056.0 3035057.0 5166.0 17814.0 86788.0 43282.0 1182.0 2377.0 770.0 22.0
70.0 14768.0 2160.0 255.0 1667989.0 759744.0 7608473.0 40176.0 21481.0 169580.0 194270.0 12099.0 11008.0 2154.0 311.0
8.0 2639.0 25.0 3.0 231219.0 15429.0 1642687.0 39.0 164.0 23337.0 2588.0 16.0 64.0 1.0 0.0
24.0 3225.0 260.0 16.0 471088.0 66359.0 349381.0 1690.0 1350.0 21189.0 4702.0 318.0 207.0 14.0 2.0
1.0 356.0 0.0 0.0 58269.0 0.0 58825.0 0.0 0.0 4365.0 0.0 0.0 0.0 0.0 0.0
72.0 21176.0 1329.0 1227.0 2607500.0 626599.0 7643973.0 11992.0 37645.0 300450.0 647475.0 21521.0 77066.0 14012.0 12115.0
667.0 67926.0 215409.0 6702.0 7667204.0 39842782.0 12848640.0 45145838.0 549349.0 491787.0 3908502.0 3748303.0 194367.0 312865.0 27599.0
11.0 1302.0 53.0 2.0 181386.0 12173.0 144534.0 147.0 174.0 8934.0 467.0 18.0 16.0 0.0 0.0
1.0 13.0 0.0 0.0 1160.0 0.0 78.0 0.0 0.0 0.0 0.0 0.0 0.0 0.0 0.0
19.0 5338.0 158.0 13.0 489869.0 81174.0 1444488.0 762.0 3114.0 33131.0 7856.0 194.0 413.0 12.0 1.0
1.0 112.0 0.0 0.0 8839.0 0.0 5946.0 0.0 0.0 270.0 0.0 0.0 0.0 0.0 0.0
101.0 33884.0 3907.0 1143.0 3335798.0 2141261.0 13780901.0 84124.0 84676.0 349434.0 936477.0 57918.0 70655.0 18585.0 6023.0
15.0 2849.0 103.0 2.0 241181.0 37023.0 1657601.0 429.0 258.0 16980.0 2277.0 26.0 35.0 0.0 0.0
16.0 2089.0 108.0 12.0 318231.0 25756.0 221721.0 420.0 528.0 14526.0 3911.0 115.0 306.0 22.0 3.0
26.0 2302.0 316.0 9.0 311150.0 53669.0 421688.0 2389.0 547.0 20592.0 2553.0 207.0 117.0 3.0 1.0
30.0 7393.0 381.0 54.0 781787.0 167063.0 3440030.0 2750.0 3570.0 66166.0 37614.0 1126.0 1290.0 166.0 18.0
2.0 244.0 1.0 0.0 25637.0 244.0 26457.0 0.0 0.0 849.0 0.0 0.0 0.0 0.0 0.0
16.0 1320.0 113.0 7.0 230963.0 18098.0 68238.0 467.0 263.0 5798.0 748.0 88.0 214.0 5.0 0.0
17.0 946.0 134.0 2.0 160237.0 14266.0 34480.0 651.0 188.0 4168.0 296.0 28.0 99.0 1.0 0.0
1.0 13.0 0.0 0.0 6810.0 0.0 51.0 0.0 0.0 27.0 0.0 0.0 0.0 0.0 0.0
12.0 610.0 59.0 7.0 75759.0 5494.0 23334.0 157.0 69.0 1168.0 742.0 58.0 168.0 3.0 2.0
23.0 5238.0 201.0 52.0 408087.0 96398.0 3951676.0 964.0 1123.0 41302.0 15958.0 611.0 317.0 107.0 89.0
16.0 3925.0 112.0 8.0 459236.0 49531.0 1074777.0 458.0 1201.0 38790.0 6180.0 92.0 381.0 10.0 0.0
2.0 779.0 1.0 0.0 46137.0 779.0 296229.0 0.0 0.0 2164.0 0.0 0.0 0.0 0.0 0.0
36.0 1657.0 618.0 12.0 254209.0 55663.0 74407.0 6741.0 568.0 4291.0 1166.0 390.0 15.0 9.0 0.0
33.0 3756.0 499.0 29.0 508406.0 106136.0 719442.0 4625.0 1267.0 27302.0 10880.0 771.0 321.0 52.0 8.0
9.0 575.0 35.0 1.0 97110.0 4426.0 35191.0 77.0 46.0 2971.0 78.0 7.0 2.0 0.0 0.0
10.0 6526.0 41.0 4.0 392365.0 43684.0 5525646.0 94.0 1793.0 53590.0 10568.0 20.0 448.0 6.0 0.0
182.0 29502.0 15271.0 1200.0 3349678.0 4392865.0 9482621.0 796940.0 74406.0 233668.0 739003.0 168746.0 29591.0 20468.0 2106.0
7.0 873.0 17.0 4.0 109363.0 3677.0 91260.0 21.0 67.0 4478.0 1371.0 8.0 28.0 6.0 0.0
5.0 2497.0 10.0 0.0 185144.0 8336.0 1161056.0 10.0 826.0 15136.0 0.0 0.0 0.0 0.0 0.0
39.0 16961.0 658.0 83.0 1574137.0 489257.0 7815058.0 6574.0 24975.0 199457.0 85267.0 2125.0 10022.0 374.0 66.0
18.0 4395.0 140.0 13.0 369535.0 60309.0 2043724.0 632.0 954.0 26242.0 12198.0 161.0 150.0 22.0 1.0
5.0 562.0 10.0 0.0 103230.0 2072.0 36516.0 10.0 88.0 4155.0 0.0 0.0 0.0 0.0 0.0
72.0 9347.0 2247.0 309.0 1178132.0 549152.0 2987310.0 41486.0 9992.0 71201.0 84585.0 15268.0 4958.0 2296.0 590.0
8.0 2648.0 24.0 4.0 236877.0 15387.0 1482335.0 33.0 231.0 16927.0 2553.0 22.0 67.0 1.0 0.0
38.0 6389.0 666.0 37.0 811681.0 199649.0 2783158.0 7201.0 3344.0 54715.0 27498.0 1145.0 1279.0 83.0 7.0
113.0 27394.0 5890.0 438.0 2460366.0 2510419.0 13429405.0 190951.0 47944.0 254500.0 421667.0 38198.0 20077.0 4541.0 446.0
87.0 25387.0 2767.0 974.0 2843053.0 1337987.0 9439746.0 47075.0 64315.0 296093.0 617049.0 39282.0 49808.0 15406.0 4232.0
17.0 10184.0 119.0 17.0 661984.0 118345.0 8801683.0 461.0 2962.0 104355.0 34239.0 187.0 2218.0 28.0 4.0
47.0 7928.0 987.0 94.0 930497.0 297389.0 2797541.0 12583.0 4433.0 48116.0 54177.0 3121.0 2128.0 424.0 87.0
3.0 1610.0 2.0 1.0 182052.0 1597.0 582658.0 0.0 61.0 25130.0 1145.0 1.0 178.0 0.0 0.0
774.0 45940.0 296989.0 2162.0 7596116.0 33531289.0 6212742.0 75369720.0 404072.0 371071.0 1035109.0 1558432.0 68539.0 49484.0 3888.0
71.0 19841.0 2115.0 370.0 1823844.0 1055124.0 9770276.0 36041.0 29893.0 210600.0 248976.0 17286.0 12492.0 3240.0 588.0
20.0 2730.0 175.0 15.0 415076.0 43054.0 382019.0 897.0 843.0 20345.0 6550.0 220.0 290.0 19.0 4.0
21.0 1183.0 206.0 4.0 195492.0 22356.0 72170.0 1256.0 349.0 3776.0 454.0 73.0 76.0 0.0 1.0
84.0 16290.0 2981.0 505.0 1584327.0 1088265.0 6814201.0 61956.0 16671.0 120219.0 196775.0 27897.0 16844.0 2780.0 2651.0
39.0 7868.0 671.0 70.0 977166.0 245728.0 1902402.0 6880.0 5391.0 67385.0 38116.0 1969.0 2179.0 249.0 41.0
10.0 1544.0 32.0 13.0 227748.0 7660.0 266936.0 49.0 114.0 14391.0 5350.0 46.0 329.0 17.0 8.0
16.0 4166.0 110.0 10.0 423375.0 48021.0 2428764.0 436.0 778.0 30926.0 12417.0 109.0 248.0 14.0 1.0
58.0 13564.0 1497.0 156.0 1193632.0 639660.0 7316331.0 23259.0 11155.0 114023.0 104124.0 6566.0 3527.0 923.0 108.0
5.0 3497.0 8.0 2.0 288086.0 9825.0 2470795.0 5.0 248.0 26264.0 3379.0 4.0 144.0 1.0 0.0
12.0 3224.0 62.0 4.0 332216.0 31169.0 1596565.0 182.0 517.0 19913.0 3059.0 36.0 101.0 2.0 0.0
16.0 2261.0 101.0 19.0 256321.0 27446.0 196833.0 328.0 468.0 12136.0 3569.0 212.0 982.0 6.0 14.0
225.0 19669.0 24707.0 493.0 3635226.0 4038883.0 2126240.0 1769107.0 80493.0 159760.0 186571.0 98473.0 9708.0 5394.0 226.0
106.0 16249.0 5182.0 383.0 1660708.0 1455311.0 7229444.0 157281.0 19239.0 129210.0 202826.0 31756.0 4765.0 3573.0 310.0
8.0 3879.0 17.0 11.0 240068.0 21782.0 2594726.0 10.0 381.0 16394.0 3671.0 36.0 469.0 0.0 10.0
48.0 9605.0 1001.0 127.0 1302076.0 359677.0 2509593.0 12391.0 8086.0 79884.0 66466.0 4134.0 4560.0 605.0 166.0
3.0 599.0 3.0 0.0 71613.0 1176.0 94355.0 1.0 11.0 3380.0 0.0 0.0 0.0 0.0 0.0
25.0 2870.0 276.0 24.0 272215.0 60766.0 669378.0 1831.0 797.0 23814.0 6252.0 399.0 134.0 57.0 13.0
3.0 6128.0 2.0 1.0 305105.0 6608.0 6262354.0 0.0 652.0 48970.0 3646.0 1.0 349.0 0.0 0.0
28.0 10020.0 288.0 90.0 910007.0 182321.0 6176425.0 1506.0 5170.0 95143.0 71093.0 1317.0 3393.0 336.0 117.0
58.0 11977.0 1451.0 202.0 1253313.0 546693.0 5360466.0 21355.0 8663.0 105438.0 111106.0 7924.0 3782.0 1343.0 234.0
285.0 62731.0 35033.0 5437.0 5147874.0 12925271.0 18688709.0 2636440.0 556926.0 462587.0 3385137.0 860747.0 195672.0 283525.0 36958.0
39.0 3405.0 721.0 20.0 599179.0 119377.0 333816.0 8425.0 1778.0 27532.0 5833.0 691.0 312.0 20.0 3.0
19.0 1157.0 164.0 7.0 183972.0 18155.0 49068.0 859.0 599.0 3410.0 1265.0 102.0 104.0 7.0 1.0
8.0 736.0 27.0 1.0 113442.0 4555.0 62202.0 50.0 280.0 2788.0 31.0 6.0 3.0 0.0 0.0
52.0 12024.0 1188.0 138.0 1342589.0 495388.0 4378089.0 16079.0 10507.0 132379.0 86318.0 5244.0 5252.0 675.0 102.0
2.0 780.0 0.0 1.0 87961.0 0.0 262140.0 0.0 0.0 12771.0 768.0 0.0 6.0 0.0 0.0
6.0 650.0 12.0 3.0 134268.0 2291.0 55088.0 10.0 32.0 5717.0 829.0 8.0 33.0 2.0 0.0
1.0 2388.0 0.0 0.0 116657.0 0.0 2824263.0 0.0 0.0 25815.0 0.0 0.0 0.0 0.0 0.0
11.0 444.0 52.0 3.0 59853.0 4049.0 12215.0 141.0 107.0 315.0 119.0 21.0 29.0 3.0 0.0
85.0 12350.0 3327.0 243.0 1321065.0 890590.0 5598747.0 81842.0 9225.0 93753.0 122374.0 13945.0 2993.0 2725.0 258.0
70.0 12192.0 2076.0 339.0 1607529.0 635408.0 3605676.0 35601.0 12438.0 122498.0 165304.0 15898.0 7830.0 2569.0 672.0
36.0 6501.0 614.0 16.0 584284.0 207833.0 2723767.0 6619.0 1951.0 46349.0 14592.0 499.0 604.0 21.0 1.0
2.0 329.0 1.0 0.0 48406.0 325.0 43271.0 0.0 2.0 1447.0 0.0 0.0 0.0 0.0 0.0
4.0 446.0 6.0 0.0 49618.0 1318.0 42358.0 4.0 10.0 1196.0 0.0 0.0 0.0 0.0 0.0
2.0 1730.0 1.0 0.0 102172.0 1712.0 1390776.0 0.0 9.0 11065.0 0.0 0.0 0.0 0.0 0.0
10.0 4125.0 36.0 9.0 326650.0 26421.0 2755508.0 65.0 896.0 38515.0 8736.0 41.0 88.0 11.0 3.0
20.0 8854.0 159.0 31.0 620770.0 122375.0 6109925.0 686.0 2485.0 83675.0 37999.0 361.0 1441.0 82.0 11.0
5.0 586.0 9.0 1.0 86488.0 2037.0 48769.0 7.0 56.0 3566.0 189.0 3.0 3.0 0.0 0.0
1.0 81.0 0.0 0.0 12963.0 0.0 3063.0 0.0 0.0 177.0 0.0 0.0 0.0 0.0 0.0
19.0 3993.0 150.0 21.0 467581.0 61664.0 1598758.0 656.0 1020.0 25126.0 7442.0 279.0 364.0 24.0 10.0
41.0 11084.0 690.0 130.0 1263140.0 285328.0 4358002.0 6730.0 7900.0 150148.0 122718.0 2948.0 9757.0 824.0 158.0
7.0 1020.0 20.0 1.0 129501.0 5226.0 110083.0 30.0 152.0 5086.0 540.0 5.0 25.0 0.0 0.0
34.0 11178.0 469.0 92.0 948941.0 253234.0 6969937.0 3618.0 4073.0 94459.0 99564.0 1882.0 3965.0 390.0 94.0
15.0 3246.0 91.0 14.0 425603.0 31248.0 1114818.0 303.0 553.0 63131.0 10930.0 126.0 1080.0 22.0 4.0
27.0 5684.0 255.0 96.0 748768.0 95643.0 1284652.0 1274.0 2307.0 69443.0 40691.0 1151.0 3418.0 251.0 249.0
65.0 9979.0 1734.0 346.0 1486864.0 473116.0 2827892.0 26256.0 14923.0 124905.0 116252.0 13656.0 9721.0 3162.0 606.0
8.0 3054.0 24.0 4.0 298208.0 16423.0 1179967.0 34.0 497.0 32952.0 3437.0 21.0 262.0 0.0 1.0
9.0 3445.0 32.0 4.0 270661.0 23366.0 2946032.0 58.0 377.0 33047.0 3370.0 24.0 35.0 2.0 0.0
30.0 12696.0 374.0 61.0 1160932.0 260536.0 7284586.0 2660.0 11422.0 140153.0 73038.0 1134.0 5883.0 224.0 42.0
28.0 1624.0 373.0 5.0 298098.0 42170.0 64317.0 3151.0 461.0 4080.0 666.0 120.0 45.0 5.0 0.0
23.0 5488.0 223.0 30.0 455888.0 108579.0 2616500.0 1238.0 1347.0 32793.0 9013.0 449.0 225.0 71.0 13.0
